TargetID	Code	EmpiricalFormula	ChargeState	MonomassTheor	MZTheor	ElutionTimeTheor	MonoMassObs	MZObs	ElutionTimeObs	ChromPeaksWithinTolerance	Scan	Abundance	IsoFitScore	InterferenceScore	ScanNum	FragmentCharge	ParentCharge	CorrelationScore	IsIntact	IsAntiCorrelated	Name	FragmentArea	ParentArea	Fragment_LM_R2	FragmentStart	FragmentStop	ParentStart	ParentStop	FragmentError	ParentError	GlobalChargeStateMin	GlobalChargeStateMax	GlobalAggregateAbundance	GlobalIntactCount	GlobalFutureTargetsCount	GlobalResult	ParentOrChild	FinalDecision	AverageMonoMass	PPM	Type	IsoFit	InterferenceValue	ChargeStateCorrelation	MixingFraction	DH	C13	Penalty	Iso_0	Iso_1	Iso_2	Iso_3	Iso_4	Iso_5	Iso_6	Penalty	Iso_0	Iso_1	Iso_2	Iso_3	Iso_4	Iso_5	Iso_6	TheoryIso_0	TheoryIso_1	TheoryIso_2	TheoryIso_3	TheoryIso_4	TheoryIso_5	TheoryIso_6	TheoryIso_7	Zero	H12	H13	H14	H15	Zero	D12	D13	D14	C12	C13	C14	C15
302000000	3-2-0-0-0	C34H60N2O26	2	912.343430112886	457.178991523213	0.19107	912.343632370014	457.179092675007	21.678475	0	406	6726.499	0	0	406	2	0	0	False	False		0	0	0.994520353650324	0	0	0	0	NoError	NoError	2	2	55084	0	0	True	NotKnown	NonValidatedHit	912.343632370014	0.221689685863637	Target	0.00881724253389054	0	0	0.46900001168251	0.883239212807837	0.3979897	0	6726.499	8629.512	3023.125	0	0	0	0	0	0.7794762	1	0.3503239	0	0	0	0	0	0.7805007	1	0.3751459	0	0	0	0	0	0.7794762	0.3102235	0	0	0	0.6897765	0.3503239	0	1	0.3979897	0	0
302000000	3-2-0-0-0	C34H60N2O26	1	912.343430112886	457.178991523213	0.19107	912.339293130994	913.346569620994	28.6832383333333	0	538	8327.47	0	0	538	1	0	0	False	False		0	0	0.987640979312375	0	0	0	0	NoError	NoError	1	1	92331	0	0	True	NotKnown	NonValidatedHit	912.339293130994	-4.53445682341668	Target	0.00613872380760977	0	0	0.537999987602234	1.16450210641777	0.3979897	0	8327.47	13021.75	5192.841	0	0	0	0	0	0.6395048	1	0.3987822	0	0	0	0	0	0.6400033	1	0.3792579	0	0	0	0	0	0.6395048	0.2545163	0	0	0	0.7454837	0.3987822	0	1	0.3979897	0	0
304010000	3-4-1-0-0	C56H96N4O40	2	1464.56008399083	733.287318462186	0.19107	1464.56071645066	733.287634715331	39.4484916666667	0	738	1022548	0	0	738	2	0	0	False	False		0	0	0.995463303001121	0	0	0	0	NoError	NoError	2	2	11552062	0	0	True	NotKnown	NonValidatedHit	1464.56071645066	0.431842869912998	Target	0.00728114570174334	0	0	0.597000002861023	1.48138959577993	0.6576657	32176.78	1022548	2200844	1269825	442677.5	57870.49	10026.16	0	0.0146202	0.4646164	1	0.576972	0.2011399	0.02629469	0.004555597	0	0	0.4674961	1	0.5923027	0.2484294	0.08044642	0.02190567	0	0	0.4646164	0.3055623	0	0	0	0.6944377	0.576972	0.2011399	1	0.6576657	0	0
305010000	3-5-1-0-0	C64H109N5O45	2	1667.63945652535	834.827004729447	0.19107	1667.63554009642	834.825046538209	19.2729533333333	0	361	8365.496	0	0	361	2	0	0	False	False		0	0	0.953944061906159	0	0	0	0	NoError	NoError	2	2	162360	0	0	True	NotKnown	NonValidatedHit	1667.63554009642	-2.34848661177542	Target	0.0159209125135938	0	0	0.349000006914139	0.536098326606447	0.7530832	0	8365.496	10832.71	6147.205	3063.7	0	0	0	0	0.7722439	1	0.5674668	0.2828193	0	0	0	0	0.775686	1	0.599742	0.2591283	0	0	0	0	0.7722439	0.5815638	0	0	0	0.4184362	0.5674668	0.2828193	1	0.7530832	0	0
402000000	4-2-0-0-0	C40H70N2O31	2	1074.39625354411	538.205403238826	0.19107	1074.39578827084	538.20517062542	19.6471216666667	0	369	15088.41	0	0	369	2	0	0	False	False		0	0	0.989813378999122	0	0	0	0	NoError	NoError	2	2	147280	0	0	True	NotKnown	NonValidatedHit	1074.39578827084	-0.433055559515582	Target	0.0394628680189846	0	0	0.312000006437302	0.45348838569265	0.4668317	0	15088.41	14225.44	4961.873	618.5903	0	0	0	0	1	0.9428058	0.3288532	0.04099771	0	0	0	0	1	0.9203201	0.3802155	0.12122	0	0	0	0	1	0.4668317	0	0	0	0.4759741	0.3288532	0.04099771	1	0.4668317	0	0
402000000	4-2-0-0-0	C40H70N2O31	1	1074.39625354411	538.205403238826	0.19107	1074.39274553759	1075.40002202759	40.73765	0	762	44214.49	0	0	762	1	0	0	False	False		0	0	0.987418612832228	0	0	0	0	NoError	NoError	1	1	479734	0	0	True	NotKnown	NonValidatedHit	1074.39274553759	-3.26509564259064	Target	0.000512688941659013	0	0	0.497999995946884	0.992031856426423	0.4668317	0	44214.49	64446.77	27528.92	7757.456	1700.009	0	0	0	0.6860622	1	0.4271575	0.12037	0.02637849	0	0	0	0.685465	1	0.4329567	0.145299	0.03745212	0	0	0	0.6860622	0.3202756	0	0	0	0.6797244	0.4271575	0.12037	1	0.4668317	0	0
403000000	4-3-0-0-0	C48H83N3O36	1	1277.47562607863	639.745089506087	0.19107	1277.47188347665	1278.47915996665	46.3815116666667	0	868	1663.4	0	0	868	1	0	0	False	False		0	0	0.995307677455802	0	0	0	0	NoError	NoError	1	1	14810	0	0	True	NotKnown	NonValidatedHit	1277.47188347665	-2.92968562876624	Target	0.00422512949648142	0	0	0.361000001430511	0.564945230420457	0.5622487	0	1663.4	1871.909	939.0712	718.5308	0	0	0	0	0.8886114	1	0.5016649	0.3838491	0	0	0	0	0.8871588	1	0.4832427	0.1745698	0	0	0	0	0.8886114	0.4996206	0	0	0	0.5003794	0.5016649	0.3838491	1	0.5622487	0	0
403000000	4-3-0-0-0	C48H83N3O36	1	1277.47562607863	639.745089506087	0.19107	1277.47590877992	1278.48318526992	75.50975	0	1409	1838.13	0	0	1409	1	0	0	False	False		0	0	0.971662925915565	0	0	0	0	NoError	NoError	1	1	2999	0	0	True	NotKnown	NonValidatedHit	1277.47590877992	0.22129681281855	Target	0.00153837201151809	0	0	0.358999997377396	0.560062396113219	0.5622487	0	1838.13	2063.494	973.418	0	0	0	0	0	0.8907849	1	0.4717328	0	0	0	0	0	0.8910185	1	0.482899	0	0	0	0	0	0.8907849	0.5008426	0	0	0	0.4991574	0.4717328	0	1	0.5622487	0	0
403000000	4-3-0-0-0	C48H83N3O36	2	1277.47562607863	639.745089506087	0.19107	1277.47091418968	639.74273358484	105.883113333333	0	1976	18948.08	0	0	1976	2	0	0	False	False		0	0	0.993829265377241	0	0	0	0	NoError	NoError	2	2	168818	0	0	True	NotKnown	NonValidatedHit	1277.47091418968	-3.68843746062332	Target	6.65298892799207E-06	0	0	0.119000002741814	0.135073783328219	0.5622487	0	18948.08	13200.71	5740.31	0	0	0	0	0	1	0.6966776	0.3029494	0	0	0	0	0	1	0.6973225	0.3030137	0	0	0	0	0	1	0.5622487	0	0	0	0.1344289	0.3029494	0	1	0.5622487	0	0
403000100	4-3-0-1-0	C59H100N4O44	2	1568.57104260797	785.292797770756	0.19107	1568.57438215786	785.294467568931	31.1422616666667	0	583	5921.328	0	0	583	2	0	0	False	False		0	0	0.991166618636576	0	0	0	0	NoError	NoError	2	2	54342	0	0	True	NotKnown	NonValidatedHit	1568.57438215786	2.12903961623887	Target	0.0402057941552147	0	0	0.460999995470047	0.855287553980769	0.6919308	0	5921.328	9019.729	5691.396	2682.654	0	0	0	0	0.6564862	1	0.630994	0.2974206	0	0	0	0	0.6463212	1	0.5916675	0.252344	0	0	0	0	0.6564862	0.454243	0	0	0	0.545757	0.630994	0.2974206	1	0.6919308	0	0
403000100	4-3-0-1-0	C59H100N4O44	1	1568.57104260797	785.292797770756	0.19107	1568.56698001736	1569.57425650736	56.3664416666667	0	1053	12487.24	0	0	1053	1	0	0	False	False		0	0	0.986131860446131	0	0	0	0	NoError	NoError	1	1	143936	0	0	True	NotKnown	NonValidatedHit	1568.56698001736	-2.58999465220979	Target	0.0138519588051018	0	0	0.421000003814697	0.727115728131992	0.6919308	0	12487.24	17757.18	10689.41	3823.211	0	0	0	0	0.7032223	1	0.6019769	0.2153051	0	0	0	0	0.7046986	1	0.5826115	0.2459045	0	0	0	0	0.7032223	0.4865812	0	0	0	0.5134188	0.6019769	0.2153051	1	0.6919308	0	0
403000100	4-3-0-1-0	C59H100N4O44	1	1568.57104260797	785.292797770756	0.19107	1568.56768282153	1569.57495931153	58.3517716666667	0	1091	7039.26	0	0	1091	1	0	0	False	False		0	0	0.98516020896195	0	0	0	0	NoError	NoError	1	1	74368	0	0	True	NotKnown	NonValidatedHit	1568.56768282153	-2.14194088483845	Target	0.0202795164117457	0	0	0.467000007629395	0.876172634735575	0.6919308	1151.924	7039.26	11000.53	6987.359	2698.408	571.9371	0	0	0.1047154	0.639902	1	0.6351839	0.2452981	0.05199178	0	0	0	0.6377131	1	0.5930029	0.2532936	0.08468521	0	0	0	0.639902	0.4427679	0	0	0	0.5572321	0.6351839	0.2452981	1	0.6919308	0	0
403000100	4-3-0-1-0	C59H100N4O44	1	1568.57104260797	785.292797770756	0.19107	1568.56863711606	1569.57591360606	64.63801	0	1208	3716.404	0	0	1208	1	0	0	False	False		0	0	0.993906742872023	0	0	0	0	NoError	NoError	1	1	39813	0	0	True	NotKnown	NonValidatedHit	1568.56863711606	-1.53355623877182	Target	0.0511764660052176	0	0	0.465999990701675	0.872659143422111	0.6919308	0	3716.404	5903.121	3149.482	0	0	0	0	0	0.6295659	1	0.5335283	0	0	0	0	0	0.6391451	1	0.5927807	0	0	0	0	0	0.6295659	0.435616	0	0	0	0.564384	0.5335283	0	1	0.6919308	0	0
403000100	4-3-0-1-0	C59H100N4O44	1	1568.57104260797	785.292797770756	0.19107	1568.5646457132	1569.5719222032	74.8664233333333	0	1397	4862.414	0	0	1397	1	0	0	False	False		0	0	0.992904035954619	0	0	0	0	NoError	NoError	1	1	52058	0	0	True	NotKnown	NonValidatedHit	1568.5646457132	-4.07816707102374	Target	0.0017440277105031	0	0	0.337999999523163	0.510574017038825	0.6919308	0	4862.414	5861.218	3231.056	0	0	0	0	0	0.829591	1	0.5512602	0	0	0	0	0	0.8315975	1	0.5629258	0	0	0	0	0	0.829591	0.5740196	0	0	0	0.4259804	0.5512602	0	1	0.6919308	0	0
403000100	4-3-0-1-0	C59H100N4O44	2	1568.57104260797	785.292797770756	0.19107	1568.56773876819	785.291145874095	75.027405	0	1400	15429.32	0	0	1400	2	0	0.74062528865736	False	False	Hexose	0	80869	0.907349486639621	0	0	0	0	NoError	NoError	2	2	344035	0	0	True	NotKnown	NonValidatedHit	1568.56773876819	-2.10627360370096	Target	0.0652664589661182	0	0	0.592999994754791	1.45700242533786	0.6919308	1409.328	15429.32	34049.83	19657.13	7826.492	2924.867	495.6642	0	0.04139016	0.4531395	1	0.5773048	0.2298541	0.08589959	0.01455702	0	0	0.4653472	1	0.6197419	0.2723071	0.09250779	0.02644148	0	0	0.4531395	0.3135411	0	0	0	0.6864588	0.5773048	0.2298541	1	0.6919308	0	0
403010000	4-3-1-0-0	C54H93N3O40	1	1423.53353488753	712.774043910537	0.19107	1423.53014197921	1424.53741846921	43.5841416666667	0	816	16736.57	0	0	816	1	0	0	False	False		0	0	0.984972526007794	0	0	0	0	NoError	NoError	1	1	190104	0	0	True	NotKnown	NonValidatedHit	1423.53014197921	-2.38344109535641	Target	0.0253237988784165	0	0	0.677999973297119	2.10558980457082	0.6310908	0	16736.57	46363.01	25401.56	10491.21	2628.164	0	0	0	0.3609897	1	0.5478843	0.226284	0.05668667	0	0	0	0.3654062	1	0.5863149	0.2451578	0.07854383	0	0	0	0.3609897	0.2278172	0	0	0	0.7721828	0.5478843	0.226284	1	0.6310908	0	0
403010000	4-3-1-0-0	C54H93N3O40	1	1423.53353488753	712.774043910537	0.19107	1423.52814587619	1424.53542236619	78.1937616666667	0	1460	5231.277	0	0	1460	1	0	0	False	False		0	0	0.986001329262832	0	0	0	0	NoError	NoError	1	1	54699	0	0	True	NotKnown	NonValidatedHit	1423.52814587619	-3.78565816388817	Target	0.0342156199008123	0	0	0.337000012397766	0.508295654147054	0.6310908	0	5231.277	5918.658	3409.597	1142.25	0	0	0	0	0.8838621	1	0.5760761	0.1929914	0	0	0	0	0.8776654	1	0.5235441	0.2022871	0	0	0	0	0.8838621	0.5577973	0	0	0	0.4422027	0.5760761	0.1929914	1	0.6310908	0	0
403010100	4-3-1-1-0	C65H110N4O48	2	1714.62895141687	858.321752175206	0.19107	1714.62999315674	858.32227306837	63.399735	0	1184	203170.8	0	0	1184	2	0	0	False	False		0	0	0.994035497358111	0	0	0	0	NoError	NoError	2	2	2477432	0	0	True	NotKnown	NonValidatedHit	1714.62999315674	0.607559943545431	Target	0.0881494864743894	0	0	0.607999980449677	1.55102028093553	0.7607728	22858.45	203170.8	485151.2	322464.1	119317.6	24407.66	5272.01	0	0.04711613	0.4187782	1	0.6646673	0.2459391	0.0503094	0.01086674	0	0	0.4325647	1	0.6753191	0.3177994	0.1155607	0.03521917	0	0	0.4187782	0.3185951	0	0	0	0.6814049	0.6646673	0.2459391	1	0.7607728	0	0
403010100	4-3-1-1-0	C65H110N4O48	2	1714.62895141687	858.321752175206	0.19107	1714.62750106068	858.321027020338	70.51525	0	1317	8481.674	0	0	1317	2	0	0	False	False		0	0	0.984326585795751	0	0	0	0	NoError	NoError	2	2	94781	0	0	True	NotKnown	NonValidatedHit	1714.62750106068	-0.845871752264803	Target	0.0807074303186345	0	0	0.615000009536743	1.59740266174224	0.7607728	1080.998	8481.674	21033.19	13070.9	5420.411	1710.857	795.7394	0	0.05139485	0.4032519	1	0.6214415	0.2577075	0.08134082	0.03783255	0	0	0.4240566	1	0.6769998	0.3190469	0.1161083	0.03540634	0	0	0.4032519	0.3067831	0	0	0	0.6932169	0.6214415	0.2577075	1	0.7607728	0	0
404000100	4-4-0-1-0	C67H113N5O49	1	1771.65041514249	886.832484038017	0.19107	1771.64486653543	1772.65214302543	55.72241	0	1041	2755.68	0	0	1041	1	0	0	False	False		0	0	0.992848508452889	0	0	0	0	NoError	NoError	1	1	24013	0	0	True	NotKnown	NonValidatedHit	1771.64486653543	-3.13188595999299	Target	0.00468671276920983	0	0	0.638000011444092	1.76243102655667	0.7873483	0	2755.68	7113.472	4887.079	2330.893	353.6186	0	0	0	0.3873889	1	0.6870174	0.3276731	0.04971112	0	0	0	0.3921908	1	0.7025281	0.3398989	0.1267119	0	0	0	0.3873889	0.30501	0	0	0	0.69499	0.6870174	0.3276731	1	0.7873483	0	0
404000100	4-4-0-1-0	C67H113N5O49	2	1771.65041514249	886.832484038017	0.19107	1771.65017721442	886.832365097211	55.72241	0	1042	594002.9	0	0	1042	2	0	0	False	False		0	0	0.991142925876444	0	0	0	0	NoError	NoError	2	2	7359631	0	0	True	NotKnown	NonValidatedHit	1771.65017721442	-0.134297416319417	Target	0.0787546243953855	0	0	0.555000007152557	1.24719104735542	0.7873483	54175.27	594002.9	1254761	812838.4	328574.1	72238.29	12899.69	2640.068	0.04317577	0.4733994	1	0.6478035	0.261862	0.05757137	0.0102806	0.002104041	0	0.4915118	1	0.6810476	0.3237555	0.1194793	0.03696802	0.009839847	0	0.4733994	0.3727302	0	0	0	0.6272699	0.6478035	0.261862	1	0.7873483	0	0
404010000	4-4-1-0-0	C62H106N4O45	1	1626.61290742206	814.313730177799	0.19107	1626.60669981562	1627.61397630562	33.1254966666667	0	621	7384.577	0	0	621	1	0	0	False	False		0	0	0.987251594279738	0	0	0	0	NoError	NoError	1	1	76015	0	0	True	NotKnown	NonValidatedHit	1626.60669981562	-3.81627762255114	Target	0.067371548709268	0	0	0.324000000953674	0.479289942915327	0.7265077	0	7384.577	8969.886	5496.021	1503.54	0	0	0	0	0.8232632	1	0.6127191	0.1676209	0	0	0	0	0.8293266	1	0.5789974	0.24405	0	0	0	0	0.8232632	0.598107	0	0	0	0.401893	0.6127191	0.1676209	1	0.7265077	0	0
404010000	4-4-1-0-0	C62H106N4O45	1	1626.61290742206	814.313730177799	0.19107	1626.60816174927	1627.61543823927	41.8081433333333	0	782	6394.959	0	0	782	1	0	0	False	False		0	0	0.994586214074029	0	0	0	0	NoError	NoError	1	1	58382	0	0	True	NotKnown	NonValidatedHit	1626.60816174927	-2.91751821695652	Target	0.0704595955584185	0	0	0.727999985218048	2.676470388436	0.7265077	0	6394.959	21724.82	15722	5534.208	649.5947	0	0	0	0.2943619	1	0.7236881	0.2547413	0.02990104	0	0	0	0.2938603	1	0.6742395	0.3124231	0.110697	0	0	0	0.2943619	0.2138562	0	0	0	0.7861438	0.7236881	0.2547413	1	0.7265077	0	0
405000000	4-5-0-0-0	C64H109N5O46	2	1683.63437114768	842.82446204061	0.19107	1683.63063496502	842.82259397251	24.0833383333333	0	451	23192.83	0	0	451	2	0	0	False	False		0	0	0.985031687795868	0	0	0	0	NoError	NoError	2	2	249803	0	0	True	NotKnown	NonValidatedHit	1683.63063496502	-2.21911759695369	Target	0.00741325445527415	0	0	0.34799998998642	0.533742307732743	0.7530832	0	23192.83	29705.37	18626.67	7515.525	544.2424	0	0	0	0.7807622	1	0.6270473	0.2530023	0.01832135	0	0	0	0.7771062	1	0.6010211	0.2609335	0.08980891	0	0	0	0.7807622	0.5879788	0	0	0	0.4120212	0.6270473	0.2530023	1	0.7530832	0	0
405000100	4-5-0-1-0	C75H126N6O54	3	1974.72978767702	988.372170305279	0.19107	1974.73125292792	659.251027465974	50.8432783333333	0	951	9243.472	0	0	951	3	0	0	False	False		0	0	0.963750295704213	0	0	0	0	NoError	NoError	3	3	102189	0	0	True	NotKnown	NonValidatedHit	1974.73125292792	0.742000710519063	Target	0.0850751253923318	0	0	0.308999985456467	0.447177972435483	0.882766	458.2158	9243.472	12788.14	7502.529	3856.877	744.1077	0	0	0.03583131	0.7228161	1	0.5866787	0.301598	0.05818734	0	0	0	0.7519113	1	0.6673181	0.3204857	0.1224769	0	0	0	0.7228161	0.6380774	0	0	0	0.3619226	0.5866787	0.301598	1	0.882766	0	0
405010100	4-5-1-1-0	C81H136N6O58	2	2120.78769648592	1061.40112470973	0.19107	2120.78335453258	1061.39895375629	56.58094	0	1058	68766.45	0	0	1058	2	0	0	False	False		0	0	0.998006414577912	0	0	0	0	NoError	NoError	2	2	776450	0	0	True	NotKnown	NonValidatedHit	2120.78335453258	-2.04733049929769	Target	0.0488875739432446	0	0	0.44200000166893	0.792114700700563	0.9516081	10296.29	68766.45	126565	90761.66	43709.13	17142.78	5235.164	0	0.08135185	0.5433293	1	0.7171152	0.3453493	0.1354465	0.04136346	0	0	0.5734856	1	0.7554119	0.3988662	0.1650829	0.05727249	0	0	0.5433293	0.5170366	0	0	0	0.4829634	0.7171152	0.3453493	1	0.9516081	0	0
502000000	5-2-0-0-0	C46H80N2O36	1	1236.44907697534	619.231814954438	0.19107	1236.44297378135	1237.45025027135	40.7911616666667	0	763	10841.4	0	0	763	1	0	0	False	False		0	0	0.98265403937291	0	0	0	0	NoError	NoError	1	1	143787	0	0	True	NotKnown	NonValidatedHit	1236.44297378135	-4.936065789076	Target	0.000205761121115939	0	0	0.513999998569489	1.05761316266782	0.5356737	0	10841.4	17260.33	8378.087	2221.909	497.5876	0	0	0	0.6281111	1	0.4853956	0.1287293	0.0288284	0	0	0	0.6276334	1	0.4890305	0.1805126	0.05148941	0	0	0	0.6281111	0.3364626	0	0	0	0.6635374	0.4853956	0.1287293	1	0.5356737	0	0
503000000	5-3-0-0-0	C54H93N3O41	2	1439.52844950986	720.7715012217	0.19107	1439.52624651029	720.770399745144	34.2495266666667	0	641	12306.86	0	0	641	2	0	0	False	False		0	0	0.98656942030312	0	0	0	0	NoError	NoError	2	2	138867	0	0	True	NotKnown	NonValidatedHit	1439.52624651029	-1.53036195345433	Target	0.0123695270083449	0	0	0.294999986886978	0.418439689929035	0.6310908	0	12306.86	12980.8	6279.999	933.1044	764.5591	0	0	0	0.948082	1	0.4837914	0.07188343	0.05889923	0	0	0	0.9528071	1	0.5162491	0.1980058	0.06063496	0	0	0	0.948082	0.5983258	0	0	0	0.4016742	0.4837914	0.07188343	1	0.6310908	0	0
503000000	5-3-0-0-0	C54H93N3O41	2	1439.52844950986	720.7715012217	0.19107	1439.52951082306	720.772031901532	38.9114833333333	0	729	1732.3	0	0	729	2	0	0	False	False		0	0	0.991711258708003	0	0	0	0	NoError	NoError	2	2	17795	0	0	True	NotKnown	NonValidatedHit	1439.52951082306	0.73726448725585	Target	0.0332574412103587	0	0	0.677999973297119	2.10558980457082	0.6310908	210.1721	1732.3	4739.611	2782.221	606.7036	0	0	0	0.04434374	0.3654941	1	0.5870146	0.128007	0	0	0	0	0.3654062	1	0.5870484	0.247165	0	0	0	0	0.3654941	0.2306599	0	0	0	0.76934	0.5870146	0.128007	1	0.6310908	0	0
503010100	5-3-1-1-0	C71H120N4O53	2	1876.6817748481	939.348163890819	0.19107	1876.67653961462	939.345546297312	78.51567	0	1466	13843.51	0	0	1466	2	0	0	False	False		0	0	0.993351414048885	0	0	0	0	NoError	NoError	2	2	157638	0	0	True	NotKnown	NonValidatedHit	1876.67653961462	-2.78962237706199	Target	0.0451553587831821	0	0	0.307000011205673	0.443001466334492	0.8296149	0	13843.51	17207.24	11976.33	5681.478	1429.918	0	0	0	0.8045164	1	0.6960053	0.3301795	0.08309975	0	0	0	0.7857828	1	0.6388955	0.2961361	0.1094595	0	0	0	0.8045164	0.6674388	0	0	0	0.3325612	0.6960053	0.3301795	1	0.8296149	0	0
504000000	5-4-0-0-0	C62H106N4O46	1	1642.60782204438	822.311187488961	0.19107	1642.60247133744	1643.60974782744	36.4438783333333	0	683	3500.8	0	0	683	1	0	0	False	False		0	0	0.995904787214056	0	0	0	0	NoError	NoError	1	1	29980	0	0	True	NotKnown	NonValidatedHit	1642.60247133744	-3.25744640579338	Target	0.0357298336410959	0	0	0.570999979972839	1.33100222218332	0.7265077	0	3500.8	7084.634	4880.397	0	0	0	0	0	0.4941399	1	0.6888707	0	0	0	0	0	0.4860244	1	0.6410353	0	0	0	0	0	0.4941399	0.3589965	0	0	0	0.6410035	0.6888707	0	1	0.7265077	0	0
504000100	5-4-0-1-0	C73H123N5O54	2	1933.70323857372	967.85889575363	0.19107	1933.70616577973	967.860359379863	56.3129583333333	0	1053	2688497	0	0	1053	2	0	0	False	False		0	0	0.988914093803569	0	0	0	0	NoError	NoError	2	2	32871512	0	0	True	NotKnown	NonValidatedHit	1933.70616577973	1.51378243962899	Target	0.0261670350691743	0	0	0.465999990701675	0.872659143422111	0.8561903	209762.9	2688497	4681194	3318584	1528186	328636.3	62170.83	16663.04	0.0448097	0.5743186	1	0.7089184	0.3264522	0.07020353	0.01328098	0.003559572	0	0.5784194	1	0.7039123	0.3488986	0.1354681	0.04419368	0.01254907	0	0.5743186	0.4917261	0	0	0	0.508274	0.7089184	0.3264522	1	0.8561903	0	0
504000100	5-4-0-1-0	C73H123N5O54	2	1933.70323857372	967.85889575363	0.19107	1933.70628296102	967.860417970512	57.2778833333333	0	1071	5853613	0	0	1071	2	0	0	False	False		0	0	0.986878301352759	0	0	0	0	NoError	NoError	2	2	104388848	0	0	True	NotKnown	NonValidatedHit	1933.70628296102	1.57438186158505	Target	0.0181496530283145	0	0	0.490000009536743	0.96078435039117	0.8561903	429821.8	5853613	1.072265E+07	7532954	3726597	1138626	146081	30213.52	0.04008539	0.5459108	1	0.702527	0.3475443	0.1061888	0.01362359	0.002817727	0	0.5503654	1	0.7112979	0.3547623	0.1382692	0.04523131	0.01287012	0	0.5459108	0.4674035	0	0	0	0.5325965	0.702527	0.3475443	1	0.8561903	0	0
504000200	5-4-0-2-0	C84H140N6O62	2	2224.79865510306	1113.4066040183	0.19107	2224.80339775532	1113.40897536766	75.1344833333333	0	1403	9166723	0	0	1403	2	0	0	False	False		0	0	0.990432065431007	0	0	0	0	NoError	NoError	2	3	217081960	0	0	True	NotKnown	NonValidatedHit	2224.80176498053	1.39782423024651	Target	0.00899679981439584	0	0.982405989797819	0.460999995470047	0.855287553980769	0.9858732	224764.8	9166723	1.731655E+07	1.333403E+07	7235663	2879338	438185.4	84266.03	0.01297977	0.529362	1	0.7700167	0.4178467	0.1662766	0.02530443	0.004866214	0	0.5431356	1	0.7862642	0.4311113	0.1850774	0.06656751	0.02081288	0	0.529362	0.5218838	0	0	0	0.4781162	0.7700167	0.4178467	1	0.9858732	0	0
504000200	5-4-0-2-0	C84H140N6O62	2	2224.79865510306	1113.4066040183	0.19107	2224.80313654748	1113.40884476374	90.9111716666667	0	1696	2794861	0	0	1696	2	0	0	False	False		0	0	0.989176777775981	0	0	0	0	NoError	NoError	2	2	44435868	0	0	True	NotKnown	NonValidatedHit	2224.80313654748	2.01431460332632	Target	0.0137112791058401	0	0	0.566999971866608	1.30946867211735	0.9858732	41746.76	2794861	6623220	5373740	3033468	1110662	179753.6	43672.68	0.006303091	0.4219791	1	0.8113486	0.458005	0.1676921	0.02713992	0.006593875	0	0.435665	1	0.825761	0.4654067	0.2032228	0.07398026	0.02334028	0	0.4219791	0.4160179	0	0	0	0.5839821	0.8113486	0.458005	1	0.9858732	0	0
504010000	5-4-1-0-0	C68H116N4O50	2	1788.66573085328	895.340141893411	0.19107	1788.66108908391	895.337821031955	36.7653166666667	0	689	5681.33	0	0	689	2	0	0	False	False		0	0	0.97217085487794	0	0	0	0	NoError	NoError	2	2	57087	0	0	True	NotKnown	NonValidatedHit	1788.66108908391	-2.59510164026808	Target	0.00155660968779721	0	0	0.164000004529953	0.196172255285412	0.7953498	0	5681.33	5586.646	3276.354	0	0	0	0	0	1	0.9833341	0.5766879	0	0	0	0	0	1	0.991522	0.5679404	0	0	0	0	0	1	0.7953498	0	0	0	0.1879843	0.5766879	0	1	0.7953498	0	0
504010000	5-4-1-0-0	C68H116N4O50	1	1788.66573085328	895.340141893411	0.19107	1788.66174712858	1789.66902361858	43.6384633333333	0	816	5302.61	0	0	816	1	0	0	False	False		0	0	0.960222005477363	0	0	0	0	NoError	NoError	1	1	54460	0	0	True	NotKnown	NonValidatedHit	1788.66174712858	-2.2272046889501	Target	0.032114525573676	0	0	0.649999976158142	1.85714266251546	0.7953498	382.0741	5302.61	14398.92	10173.75	4372.592	1216.128	0	0	0.02653491	0.3682644	1	0.7065635	0.303675	0.08445968	0	0	0	0.3770039	1	0.7121576	0.348751	0.1314866	0	0	0	0.3682644	0.292899	0	0	0	0.707101	0.7065635	0.303675	1	0.7953498	0	0
504010100	5-4-1-1-0	C79H133N5O58	3	2079.76114738262	1040.88785015808	0.19107	2079.75994839828	694.26059262276	35.8552266666667	0	671	20840.1	0	0	671	3	0	0	False	False		0	0	0.93944299482013	0	0	0	0	NoError	NoError	3	3	280919	0	0	True	NotKnown	NonValidatedHit	2079.75994839828	-0.576500979585993	Target	0.083488836670648	0	0	0.702000021934509	2.35570494498571	0.9250324	2515.99	20840.1	72623.36	61033.41	27366.9	8484.354	2970.808	612.7774	0.03464437	0.2869614	1	0.8404102	0.3768333	0.1168268	0.04090706	0.008437745	0	0.3048095	1	0.828404	0.4583254	0.1941575	0.06830084	0.02077079	0	0.2869614	0.2654486	0	0	0	0.7345514	0.8404102	0.3768333	1	0.9250324	0	0
504010100	5-4-1-1-0	C79H133N5O58	3	2079.76114738262	1040.88785015808	0.19107	2079.75885702905	694.260228833018	56.0980383333333	0	1048	1963.601	0	0	1048	3	0	0	False	False		0	0	0.994170215665525	0	0	0	0	NoError	NoError	3	3	18195	0	0	True	NotKnown	NonValidatedHit	2079.75885702905	-1.10125798284595	Target	0.00429442262049388	0	0	0.25	0.333333333333333	0.9250324	0	1963.601	2454.264	1696.5	0	0	0	0	0	0.8000774	1	0.6912462	0	0	0	0	0	0.7946815	1	0.6731086	0	0	0	0	0	0.8000774	0.7400975	0	0	0	0.2599025	0.6912462	0	1	0.9250324	0	0
504010100	5-4-1-1-0	C79H133N5O58	2	2079.76114738262	1040.88785015808	0.19107	2079.76464027895	1040.88959662948	61.7378283333333	0	1154	1591632	0	0	1154	2	0	0	False	False		0	0	0.998760161272606	0	0	0	0	NoError	NoError	2	2	17226504	0	0	True	NotKnown	NonValidatedHit	2079.76464027895	1.6794699409615	Target	0.00933112819190997	0	0	0.644999980926514	1.81690125710387	0.9250324	92984.1	1591632	4374330	3591652	1855481	454407.9	89857.84	22093.23	0.02125676	0.3638572	1	0.8210747	0.4241749	0.1038806	0.02054208	0.005050654	0	0.3647061	1	0.8094161	0.4425367	0.1861924	0.06519298	0.01975826	0	0.3638572	0.3365797	0	0	0	0.6634203	0.8210747	0.4241749	1	0.9250324	0	0
504010100	5-4-1-1-0	C79H133N5O58	3	2079.76114738262	1040.88785015808	0.19107	2079.76263131779	694.261486929262	79.6435783333333	0	1486	4581.512	0	0	1486	3	0	0	False	False		0	0	0.981361158858993	0	0	0	0	NoError	NoError	3	3	47258	0	0	True	NotKnown	NonValidatedHit	2079.76263131779	0.713512303508363	Target	0.00638807451783484	0	0	0.284999996423721	0.39860139160589	0.9250324	0	4581.512	6149.238	4116.968	1977.326	455.587	0	0	0	0.7450536	1	0.6695086	0.3215563	0.07408837	0	0	0	0.755496	1	0.685531	0.3395251	0.134225	0	0	0	0.7450536	0.6891987	0	0	0	0.3108013	0.6695086	0.3215563	1	0.9250324	0	0
504010200	5-4-1-2-0	C90H150N6O66	2	2370.85656391196	1186.43555842275	0.19107	2370.85937627464	1186.43696462732	78.1937616666667	0	1459	5988302	0	0	1459	2	0	0.549768252879229	False	False	Neuraminic Acid	0	20099	0.976282411291591	0	0	0	0	NoError	NoError	2	3	127197222	0	0	True	NotKnown	NonValidatedHit	2370.85772693144	0.49054822589663	Target	0.0177960097281337	0	0.988396379101624	0.546000003814697	1.20264319031369	1	131730.8	2613506	5988302	5289569	2941291	1186400	199157.2	52056.27	0.02199803	0.4364353	1	0.8833171	0.4911729	0.1981196	0.0332577	0.008692994	0	0.4429957	1	0.864139	0.5091267	0.2326466	0.08856426	0.02920845	0	0.4364353	0.4364353	0	0	0	0.5635647	0.8833171	0.4911729	1	1	0	0
504020000	5-4-2-0-0	C74H126N4O54	2	1934.72363966218	968.369096297861	0.19107	1934.71940147473	968.366977227366	47.028275	0	880	11987.62	0	0	880	2	0	0	False	False		0	0	0.997302707624778	0	0	0	0	NoError	NoError	2	2	131389	0	0	True	NotKnown	NonValidatedHit	1934.71940147473	-2.19059061575246	Target	0.074950016331621	0	0	0.448000013828278	0.81159424828121	0.8641918	0	11987.62	21032.57	13983.64	5807.094	2648.621	0	0	0	0.569955	1	0.6648566	0.2761	0.1259295	0	0	0	0.5967349	1	0.7029429	0.3483547	0.1354394	0	0	0	0.569955	0.4925504	0	0	0	0.5074496	0.6648566	0.2761	1	0.8641918	0	0
504020200	5-4-2-2-0	C96H160N6O70	2	2516.91447272086	1259.4645128272	0.19107	2516.90642061989	1259.46048679994	81.6832466666667	0	1524	33095.5	0	0	1524	2	0	0	False	False		0	0	0.982421353689441	0	0	0	0	NoError	NoError	2	2	450131	0	0	True	NotKnown	NonValidatedHit	2516.90642061989	-3.19919530710276	Target	0.0542462549366383	0	0	0.379999995231628	0.612903213401739	1	449.5001	17424.83	33095.5	25965.02	15352.61	6339.869	1860.269	0	0.01358191	0.5265015	1	0.7845483	0.4638882	0.1915629	0.05620912	0	0	0.5758841	1	0.8369792	0.4927213	0.2285909	0.08898286	0	0	0.5265015	0.5265015	0	0	0	0.4734985	0.7845483	0.4638882	1	1	0	0
505000100	5-5-0-1-0	C81H136N6O59	2	2136.78261110824	1069.39858202089	0.19107	2136.7751122872	1069.3948326336	59.9644633333333	0	1121	7473.431	0	0	1121	2	0	0.520911199522219	False	False	N-acetylhexosamine	0	889319	0.977859859758804	0	0	0	0	NoError	NoError	2	2	92381	0	0	True	NotKnown	NonValidatedHit	2136.7751122872	-3.5093981982026	Target	0.0290237924028345	0	0	0.439000010490417	0.782531227628336	0.9516081	349.5722	7473.431	13383.5	9541.954	5177.969	1417.234	0	0	0.02611964	0.5584062	1	0.712964	0.386892	0.1058941	0	0	0	0.576655	1	0.7554852	0.399964	0.166132	0	0	0	0.5584062	0.5313839	0	0	0	0.4686161	0.712964	0.386892	1	0.9516081	0	0
505000200	5-5-0-2-0	C92H153N7O67	3	2427.87802763758	1214.94629028556	0.19107	2427.87754433843	810.299791269475	72.5594333333333	0	1354	48649.93	0	0	1354	3	0	0	False	False		0	0	0.984284574862155	0	0	0	0	NoError	NoError	3	3	676174	0	0	True	NotKnown	NonValidatedHit	2427.87754433843	-0.19906237045144	Target	0.0883700270574541	0	0	0.635999977588654	1.74725257810541	1	2761.498	15271.77	48649.93	45605.99	23524.64	9651.704	2917.796	891.8979	0.05676264	0.3139115	1	0.9374319	0.4835493	0.1983909	0.05997534	0.01833298	0	0.3535388	1	0.9198151	0.5635947	0.2652925	0.1035125	0.03488642	0	0.3139115	0.3139115	0	0	0	0.6860885	0.9374319	0.4835493	1	1	0	0
505000200	5-5-0-2-0	C92H153N7O67	3	2427.87802763758	1214.94629028556	0.19107	2427.87570271079	810.299177393597	80.66355	0	1505	3207.151	0	0	1505	3	0	0	False	False		0	0	0.971982110751053	0	0	0	0	NoError	NoError	3	3	48433	0	0	True	NotKnown	NonValidatedHit	2427.87570271079	-0.957596206741673	Target	0.0850699993843465	0	0	0.46399998664856	0.865671595318278	1	177.1752	1641.648	3207.151	2579.808	1808.688	578.583	0	0	0.05524379	0.5118712	1	0.8043923	0.5639549	0.1804041	0	0	0	0.5136206	1	0.846699	0.496194	0.2272428	0	0	0	0.5118712	0.5118712	0	0	0	0.4881288	0.8043923	0.5639549	1	1	0	0
505010000	5-5-1-0-0	C76H129N5O55	2	1991.7451033878	996.879828160672	0.19107	1991.73523225541	996.874892617703	21.838765	0	410	26744.5	0	0	410	2	0	0	False	False		0	0	0.928843527287727	0	0	0	0	NoError	NoError	2	2	631069	0	0	True	NotKnown	NonValidatedHit	1991.73523225541	-4.95602192333	Target	0.037121782200579	0	0	0.409999996423721	0.694915243963578	0.8907673	0	26744.5	43343.05	28141.86	16011.41	5122.386	0	0	0	0.6170425	1	0.6492821	0.3694112	0.1181824	0	0	0	0.6306433	1	0.7068138	0.3533365	0.1390521	0	0	0	0.6170425	0.5496413	0	0	0	0.4503587	0.6492821	0.3694112	1	0.8907673	0	0
505010100	5-5-1-1-0	C87H146N6O63	2	2282.84051991714	1142.42753642534	0.19107	2282.8325159194	1142.4235344497	35.1594116666667	0	659	82886.4	0	0	659	2	0	0	False	False		0	0	0.987946744362741	0	0	0	0	NoError	NoError	2	2	1280385	0	0	True	NotKnown	NonValidatedHit	2282.8325159194	-3.5061572078784	Target	0.0111825251144912	0	0	0.358000010251999	0.557632423627486	1	13126.62	51015.13	82886.4	60862.16	33774.23	14626.68	5510.185	1347.373	0.1583689	0.6154825	1	0.734284	0.4074762	0.1764666	0.06647876	0.01625566	0	0.6336805	1	0.7667063	0.4166402	0.1789961	0.06468906	0.02037571	0	0.6154825	0.6154825	0	0	0	0.3845175	0.734284	0.4074762	1	1	0	0
505010100	5-5-1-1-0	C87H146N6O63	2	2282.84051991714	1142.42753642534	0.19107	2282.84359810686	1142.42907554343	54.0578816666667	0	1010	4048631	0	0	1010	2	0	0	False	False		0	0	0.961796718480851	0	0	0	0	NoError	NoError	2	3	79277565	0	0	True	NotKnown	NonValidatedHit	2282.84215863973	0.717843657283983	Target	0.0740683215484063	0	0.999472461967041	0.500999987125397	1.00400796432704	1	174774.5	1957476	4048631	3418361	1857424	489428.3	108129.1	28053.41	0.04316879	0.4834908	1	0.8443251	0.4587782	0.1208874	0.02670758	0.006929112	0	0.4939593	1	0.8226547	0.4660852	0.205701	0.07580835	0.02423763	0	0.4834908	0.4834908	0	0	0	0.5165092	0.8443251	0.4587782	1	1	0	0
505010100	5-5-1-1-0	C87H146N6O63	2	2282.84051991714	1142.42753642534	0.19107	2282.83453001375	1142.42454149688	56.95647	0	1065	156764.3	0	0	1065	2	0	0	False	False		0	0	0.990919239985935	0	0	0	0	NoError	NoError	2	2	1818539	0	0	True	NotKnown	NonValidatedHit	2282.83453001375	-2.62388166686243	Target	0.0759365804890123	0	0	0.412000000476837	0.700680273488006	1	14903.81	85073.09	156764.3	122525.2	54268.56	26127.27	7559.402	2475.979	0.09507149	0.5426816	1	0.7815887	0.3461794	0.1666659	0.04822145	0.01579428	0	0.5810135	1	0.7877956	0.4352781	0.1890623	0.06888039	0.02183143	0	0.5426816	0.5426816	0	0	0	0.4573184	0.7815887	0.3461794	1	1	0	0
505010200	5-5-1-2-0	C98H163N7O71	2	2573.93593644648	1287.97524469001	0.19107	2573.92776330496	1287.97115814248	54.9165866666667	0	1026	33608.57	0	0	1026	2	0	0	False	False		0	0	0.981311235754997	0	0	0	0	NoError	NoError	2	2	490962	0	0	True	NotKnown	NonValidatedHit	2573.92776330496	-3.17534768728008	Target	0.0570770184390498	0	0	0.439000010490417	0.782531227628336	1	0	18766.51	33608.57	31821.75	18885.33	7492.544	1890.292	409.7923	0	0.5583847	1	0.9468343	0.5619199	0.2229355	0.05624434	0.01219309	0	0.5174205	1	0.8779666	0.5346276	0.2548227	0.1015115	0.03509929	0	0.5583847	0.5583847	0	0	0	0.4416153	0.9468343	0.5619199	1	1	0	0
505010200	5-5-1-2-0	C98H163N7O71	3	2573.93593644648	1287.97524469001	0.19107	2573.93751430219	858.986447924064	73.9540616666667	0	1381	1636885	0	0	1381	3	0	0	False	False		0	0	0.995862349129062	0	0	0	0	NoError	NoError	3	3	22619284	0	0	True	NotKnown	NonValidatedHit	2573.93751430219	0.613012813576157	Target	0.027564973146042	0	0	0.561999976634979	1.28310490103928	1	39581.9	728942.3	1636885	1585801	1017190	460726.9	108822.9	28119.43	0.02418124	0.445323	1	0.9687918	0.6214184	0.2814657	0.06648172	0.01717862	0	0.410975	1	0.9339576	0.5885626	0.2866918	0.115983	0.04057267	0	0.445323	0.445323	0	0	0	0.554677	0.9687918	0.6214184	1	1	0	0
505010200	5-5-1-2-0	C98H163N7O71	2	2573.93593644648	1287.97524469001	0.19107	2573.92404625413	1287.96929961706	75.9931166666667	0	1419	13764.46	0	0	1419	2	0	0	False	False		0	0	0.970839930944449	0	0	0	0	NoError	NoError	2	2	224490	0	0	True	NotKnown	NonValidatedHit	2573.92404625413	-4.61945932032205	Target	0.0562332381901009	0	0	0.474000006914139	0.901140709400667	1	2703.482	7377.999	13764.46	12463.77	8646.694	3442.586	1089.993	452.5395	0.1964102	0.5360178	1	0.9055033	0.6281896	0.2501068	0.07918891	0.03287737	0	0.487502	1	0.8937039	0.549787	0.2637801	0.105579	0.03663769	0	0.5360178	0.5360178	0	0	0	0.4639822	0.9055033	0.6281896	1	1	0	0
505010200	5-5-1-2-0	C98H163N7O71	2	2573.93593644648	1287.97524469001	0.19107	2573.92993475002	1287.97224386501	90.2666066666667	0	1685	14453.98	0	0	1685	2	0	0	False	False		0	0	0.989914599513844	0	0	0	0	NoError	NoError	2	2	190856	0	0	True	NotKnown	NonValidatedHit	2573.92993475002	-2.33171943981928	Target	0.0132775888290008	0	0	0.379000008106232	0.610305979152195	1	0	8596.563	14453.98	12523.11	7750.861	3668.087	1462.46	0	0	0.594754	1	0.8664124	0.5362442	0.253777	0.1011804	0	0	0.5680402	1	0.8513404	0.5089792	0.2396675	0.09462963	0	0	0.594754	0.594754	0	0	0	0.405246	0.8664124	0.5362442	1	1	0	0
505020100	5-5-2-1-0	C93H156N6O67	2	2428.89842872604	1215.45649082979	0.19107	2428.88856034905	1215.45155666453	53.1999233333333	0	994	45122.79	0	0	994	2	0	0	False	False		0	0	0.989444132695015	0	0	0	0	NoError	NoError	2	3	712953	0	0	True	NotKnown	NonValidatedHit	2428.89085208355	-3.11937395277124	Target	0.0788672643934144	0	0.997084848592391	0.535000026226044	1.15053775569913	1	0	17813.54	45122.79	35948.38	23307.74	9714.061	3615.964	1154.405	0	0.3947791	1	0.796679	0.5165403	0.2152806	0.08013609	0.02558364	0	0.4464625	1	0.8814642	0.528878	0.2461069	0.09533411	0.03197771	0	0.3947791	0.3947791	0	0	0	0.6052209	0.796679	0.5165403	1	1	0	0
602000000	6-2-0-0-0	C52H90N2O41	1	1398.50190040656	700.25822667005	0.19107	1398.49554418714	1399.50282067714	19.70049	0	370	49101.27	0	0	370	1	0	0	False	False		0	0	0.990106192298089	0	0	0	0	NoError	NoError	1	1	531901	0	0	True	NotKnown	NonValidatedHit	1398.49554418714	-4.54502022224372	Target	0.0230148972215177	0	0	0.430999994277954	0.757469226614553	0.6045158	0	49101.27	67362.62	32847.5	8801.112	0	0	0	0	0.7289097	1	0.4876221	0.1306528	0	0	0	0	0.7342225	1	0.5281866	0.2074761	0	0	0	0	0.7289097	0.4406374	0	0	0	0.5593625	0.4876221	0.1306528	1	0.6045158	0	0
602000000	6-2-0-0-0	C52H90N2O41	2	1398.50190040656	700.25822667005	0.19107	1398.50256322791	700.258558103955	40.73765	0	762	543780.8	0	0	762	2	0	0	False	False		0	0	0.994731945641774	0	0	0	0	NoError	NoError	2	2	5406633	0	0	True	NotKnown	NonValidatedHit	1398.50256322791	0.473950982720004	Target	0.0908763447991213	0	0	0.523999989032745	1.10084028773015	0.6045158	32319.14	543780.8	940940.8	446895.3	121582.4	17503.7	5362.82	0	0.03434769	0.5779119	1	0.4749452	0.1292137	0.01860234	0.005699424	0	0	0.5863878	1	0.5435554	0.2183497	0.06804993	0.01802732	0	0	0.5779119	0.3493568	0	0	0	0.6506432	0.4749452	0.1292137	1	0.6045158	0	0
602000000	6-2-0-0-0	C52H90N2O41	1	1398.50190040656	700.25822667005	0.19107	1398.49620443839	1399.50348092839	51.3792916666667	0	961	5350.531	0	0	961	1	0	0	False	False		0	0	0.994952801414045	0	0	0	0	NoError	NoError	1	1	45881	0	0	True	NotKnown	NonValidatedHit	1398.49620443839	-4.07290699300931	Target	0.0390416373988776	0	0	0.791000008583069	3.78468919170965	0.6045158	0	5350.531	24002.08	12829.39	4676.481	393.6708	0	0	0	0.2229195	1	0.5345117	0.1948365	0.01640153	0	0	0	0.2278317	1	0.5808306	0.2447225	0.07811844	0	0	0	0.2229195	0.1347583	0	0	0	0.8652416	0.5345117	0.1948365	1	0.6045158	0	0
602010000	6-2-1-0-0	C58H100N2O45	2	1544.55980921546	773.287181074501	0.19107	1544.56305654703	773.288804763515	40.8982066666667	0	766	2437.03	0	0	766	2	0	0	False	False		0	0	0.992170346404877	0	0	0	0	NoError	NoError	2	2	11679	0	0	True	NotKnown	NonValidatedHit	1544.56305654703	2.10243174138043	Target	0.0927866406409304	0	0	0.0350000001490116	0.0362694302118302	0.6733578	0	2437.03	1618.894	975.5625	0	0	0	0	0	1	0.6642899	0.400308	0	0	0	0	0	1	0.7096273	0.3374774	0	0	0	0	0	1	0.6733578	0	0	0	-0.009067953	0.400308	0	1	0.6733578	0	0
603000200	6-3-0-2-0	C82H137N5O62	2	2183.77210599976	1092.89332946665	0.19107	2183.76602193359	1092.89028745679	72.6131566666667	0	1355	2734.771	0	0	1355	2	0	0	False	False		0	0	0.914285807070603	0	0	0	0	NoError	NoError	2	2	27860	0	0	True	NotKnown	NonValidatedHit	2183.76602193359	-2.78603529958804	Target	0.0501968590348537	0	0	0.476000010967255	0.908396986507396	0.9592975	0	2734.771	5053.313	3741.61	2443.009	773.1829	0	0	0	0.5411839	1	0.7404271	0.483447	0.1530052	0	0	0	0.5354195	1	0.7764511	0.4213416	0.1789606	0	0	0	0.5411839	0.5191563	0	0	0	0.4808437	0.7404271	0.483447	1	0.9592975	0	0
603010000	6-3-1-0-0	C66H113N3O50	2	1747.63918174998	874.826867341762	0.19107	1747.63319883115	874.823875905575	47.6741633333333	0	891	4410.739	0	0	891	2	0	0	False	False		0	0	0.979482395888931	0	0	0	0	NoError	NoError	2	2	48260	0	0	True	NotKnown	NonValidatedHit	1747.63319883115	-3.42342910125532	Target	0.0827977353710309	0	0	0.303000003099442	0.434720235935196	0.7687749	0	4410.739	5413.738	2788.679	1594.633	530.3442	0	0	0	0.8147309	1	0.5151117	0.2945531	0.09796266	0	0	0	0.8309132	1	0.6028206	0.2655738	0.09341715	0	0	0	0.8147309	0.6263446	0	0	0	0.3736554	0.5151117	0.2945531	1	0.7687749	0	0
604010000	6-4-1-0-0	C74H126N4O55	2	1950.71855428451	976.366553609024	0.19107	1950.71017141172	976.362362195858	47.7816333333333	0	894	1821.13	0	0	894	2	0	0	False	False		0	0	0.983012446159907	0	0	0	0	NoError	NoError	2	2	19974	0	0	True	NotKnown	NonValidatedHit	1950.71017141172	-4.29732560469963	Target	0.0223083922549067	0	0	0.730000019073486	2.70370396534277	0.8641918	0	1821.13	6216.001	5174.997	2639.123	513.5713	0	0	0	0.2929745	1	0.8325283	0.4245692	0.08262084	0	0	0	0.2802773	1	0.7890182	0.4183771	0.1696446	0	0	0	0.2929745	0.2531862	0	0	0	0.7468138	0.8325283	0.4245692	1	0.8641918	0	0
604010100	6-4-1-1-0	C85H143N5O63	2	2241.81397081385	1121.91426187369	0.19107	2241.81724269752	1121.91589783876	79.26765	0	1479	1564.763	0	0	1479	2	0	0	False	False		0	0	0.906416771050605	0	0	0	0	NoError	NoError	2	2	11602	0	0	True	NotKnown	NonValidatedHit	2241.81724269752	1.45948045359751	Target	0.00130420767423986	0	0	0.589999973773956	1.43902423422938	0.9938744	0	1564.763	3836.476	3188.056	0	0	0	0	0	0.4078646	1	0.8309854	0	0	0	0	0	0.4110323	1	0.840355	0	0	0	0	0	0.4078646	0.4053662	0	0	0	0.5946338	0.8309854	0	1	0.9938744	0	0
604020100	6-4-2-1-0	C91H153N5O67	2	2387.87187962274	1194.94321627814	0.19107	2387.8738408024	1194.9441968912	104.652383333333	0	1952	1476.448	0	0	1952	2	0	0	False	False		0	0	0.945720170993508	0	0	0	0	NoError	NoError	2	2	12826	0	0	True	NotKnown	NonValidatedHit	2387.8738408024	0.821308576850552	Target	0.00381160935081002	0	0	0	-1	1	0	1385.49	1476.448	934.8376	0	0	0	0	0	0.938394	1	0.6331666	0	0	0	0	0	0.9409848	1	0.6517547	0	0	0	0	0	0.938394	0.938394	0	0	0	0.06160605	0.6331666	0	1	1	0	0
605000000	6-5-0-0-0	C76H129N5O56	2	2007.74001801013	1004.87728547184	0.19107	2007.73497548061	1004.8747642303	38.4821283333333	0	720	5929.92	0	0	720	2	0	0	False	False		0	0	0.992880170586736	0	0	0	0	NoError	NoError	2	2	55681	0	0	True	NotKnown	NonValidatedHit	2007.73497548061	-2.51154506009549	Target	0.0770833989222069	0	0	0.435000002384186	0.769911511893448	0.8907673	207.2316	5929.92	9826.623	6570.161	4253.301	1125.624	186.9114	433.1492	0.02108879	0.6034545	1	0.6686082	0.4328344	0.1145484	0.01902092	0.04407915	0	0.6021634	1	0.7163298	0.3620473	0.1437631	0.04798566	0.01394839	0	0.6034545	0.5375376	0	0	0	0.4624624	0.6686082	0.4328344	1	0.8907673	0	0
605000000	6-5-0-0-0	C76H129N5O56	2	2007.74001801013	1004.87728547184	0.19107	2007.73408524122	1004.87431911061	45.0362566666667	0	843	16305.55	0	0	843	2	0	0	False	False		0	0	0.998228029693506	0	0	0	0	NoError	NoError	2	2	168584	0	0	True	NotKnown	NonValidatedHit	2007.73408524122	-2.95494877709927	Target	0.0409398775606571	0	0	0.291000008583069	0.410437252617602	0.8907673	2156.801	16305.55	20957.91	15404.84	6241.997	2824.277	0	0	0.1029111	0.7780144	1	0.7350371	0.2978349	0.1347595	0	0	0	0.7685187	1	0.6681392	0.3228914	0.1245314	0	0	0	0.7780144	0.6930298	0	0	0	0.3069702	0.7350371	0.2978349	1	0.8907673	0	0
605000100	6-5-0-1-0	C87H146N6O64	2	2298.83543453947	1150.4249937365	0.19107	2298.82690088843	1150.42072693421	38.2675166666667	0	716	4182.152	0	0	716	2	0	0	False	False		0	0	0.993603503154105	0	0	0	0	NoError	NoError	2	2	44803	0	0	True	NotKnown	NonValidatedHit	2298.82690088843	-3.71216265165502	Target	0.0528577647078875	0	0	0.384999990463257	0.626016234948131	1	0	2391.58	4182.152	3075.42	1577.15	0	0	0	0	0.5718538	1	0.7353679	0.3771146	0	0	0	0	0.6073613	1	0.7784643	0.4279613	0	0	0	0	0.5718538	0.5718538	0	0	0	0.4281462	0.7353679	0.3771146	1	1	0	0
605000100	6-5-0-1-0	C87H146N6O64	2	2298.83543453947	1150.4249937365	0.19107	2298.82601026109	1150.42028162055	57.0634616666667	0	1066	65219.47	0	0	1066	2	0	0	False	False		0	0	0.991404560718091	0	0	0	0	NoError	NoError	2	2	786584	0	0	True	NotKnown	NonValidatedHit	2298.82601026109	-4.0995880940147	Target	0.0388948573154565	0	0	0.505999982357025	1.0242914256791	1	0	30370.71	65219.47	50586.87	31512.24	10758.44	2730.954	0	0	0.4656694	1	0.7756406	0.4831723	0.1649575	0.0418733	0	0	0.4890594	1	0.8255984	0.4698265	0.2082926	0.07713695	0	0	0.4656694	0.4656694	0	0	0	0.5343306	0.7756406	0.4831723	1	1	0	0
605000100	6-5-0-1-0	C87H146N6O64	2	2298.83543453947	1150.4249937365	0.19107	2298.82860184245	1150.42157741122	78.7842666666667	0	1471	36092.7	0	0	1471	2	0	0	False	False		0	0	0.992379336446105	0	0	0	0	NoError	NoError	2	3	680105	0	0	True	NotKnown	NonValidatedHit	2298.83209253694	-1.4537806736135	Target	0.0631728049840943	0	0.997583155551144	0.444000005722046	0.798561169588938	1	0	18712.64	36092.7	25901.58	16662.62	6729.49	2324.64	556.8488	0	0.5184605	1	0.7176404	0.4616617	0.1864501	0.06440747	0.01542829	0	0.5497493	1	0.8014182	0.4483493	0.1966441	0.07226402	0.02308679	0	0.5184605	0.5184605	0	0	0	0.4815395	0.7176404	0.4616617	1	1	0	0
605000200	6-5-0-2-0	C98H163N7O72	3	2589.93085106881	1295.97270200117	0.19107	2589.92971140379	864.317180291263	76.6381366666667	0	1430	654286.9	0	0	1430	3	0	0	False	False		0	0	0.993687116551098	0	0	0	0	NoError	NoError	3	3	9158413	0	0	True	NotKnown	NonValidatedHit	2589.92971140379	-0.440036851921884	Target	0.0698277682579311	0	0	0.430000007152557	0.754385986926924	1	17901.85	320510.2	654286.9	571940.6	335249.6	109304.5	27794.15	9752.497	0.02736085	0.4898618	1	0.8741434	0.5123893	0.167059	0.04248007	0.01490554	0	0.5250669	1	0.8749984	0.5327605	0.2542874	0.1015369	0.03521265	0	0.4898618	0.4898618	0	0	0	0.5101382	0.8741434	0.5123893	1	1	0	0
605000200	6-5-0-2-0	C98H163N7O72	2	2589.93085106881	1295.97270200117	0.19107	2589.92538583593	1295.96996940796	89.138115	0	1664	41309.9	0	0	1664	2	0	0	False	False		0	0	0.917783128025248	0	0	0	0	NoError	NoError	2	2	680878	0	0	True	NotKnown	NonValidatedHit	2589.92538583593	-2.11018486264148	Target	0.0589000996548142	0	0	0.546999990940094	1.20750547461415	1	1907.127	15543.4	41309.9	37069.62	21881.75	10920.63	3425.558	1393.175	0.04616635	0.3762632	1	0.8973544	0.5296975	0.2643587	0.08292341	0.03372495	0	0.4241532	1	0.9278772	0.5838925	0.2846069	0.115359	0.04046222	0	0.3762632	0.3762632	0	0	0	0.6237368	0.8973544	0.5296975	1	1	0	0
605000200	6-5-0-2-0	C98H163N7O72	3	2589.93085106881	1295.97270200117	0.19107	2589.93167367013	864.317834380042	90.3202316666667	0	1685	13100.2	0	0	1685	3	0	0	False	False		0	0	0.915823405053723	0	0	0	0	NoError	NoError	3	3	257354	0	0	True	NotKnown	NonValidatedHit	2589.93167367013	0.317615167659232	Target	0.0995229121741187	0	0	0.486000001430511	0.945525297243378	1	434.02	6644.684	13100.2	12838.01	7510.159	2521.584	2601.243	574.6323	0.03313081	0.5072202	1	0.979986	0.5732861	0.1924845	0.1985652	0.04386441	0	0.477177	1	0.9000928	0.5570258	0.2686759	0.1080963	0.0377039	0	0.5072202	0.5072202	0	0	0	0.4927798	0.979986	0.5732861	1	1	0	0
605000200	6-5-0-2-0	C98H163N7O72	2	2589.93085106881	1295.97270200117	0.19107	2589.9251212584	1295.9698371192	90.3738933333333	0	1686	28016.78	0	0	1686	2	0	0	False	False		0	0	0.921359805934709	0	0	0	0	NoError	NoError	2	2	443179	0	0	True	NotKnown	NonValidatedHit	2589.9251212584	-2.2123410759473	Target	0.0381309697954687	0	0	0.529999971389771	1.12765944495144	1	1517.154	11772.23	28016.78	24980.27	16476.79	6811.773	2677.904	0	0.05415162	0.4201849	1	0.8916182	0.5881044	0.2431319	0.09558214	0	0	0.4390215	1	0.9200861	0.5763589	0.2801397	0.1133225	0	0	0.4201849	0.4201849	0	0	0	0.5798151	0.8916182	0.5881044	1	1	0	0
605000200	6-5-0-2-0	C98H163N7O72	2	2589.93085106881	1295.97270200117	0.19107	2589.92236362221	1295.9684583011	91.501515	0	1708	63757.59	0	0	1708	2	0	0	False	False		0	0	0.984084037080132	0	0	0	0	NoError	NoError	2	3	1522322	0	0	True	NotKnown	NonValidatedHit	2589.92417888584	-2.57620119850745	Target	0.0218406847329768	0	0.983908505503281	0.524999976158142	1.10526305222446	1	0	27385.5	63757.59	55977.66	38363.27	16129.09	5601.516	1105.963	0	0.4295253	1	0.8779764	0.601705	0.2529752	0.08785645	0.01734637	0	0.4433811	1	0.9178017	0.57415	0.2788299	0.1127254	0.03946197	0	0.4295253	0.4295253	0	0	0	0.5704746	0.8779764	0.601705	1	1	0	0
605000200	6-5-0-2-0	C98H163N7O72	3	2589.93085106881	1295.97270200117	0.19107	2589.93036636279	864.317398610928	94.23907	0	1758	747877.8	0	0	1758	3	0	0	False	False		0	0	0.964519956035641	0	0	0	0	NoError	NoError	3	3	10746887	0	0	True	NotKnown	NonValidatedHit	2589.93036636279	-0.187150178418986	Target	0.0934799590628397	0	0	0.507000029087067	1.02839768559866	1	7251.642	311085.8	747877.8	690071.8	388996.8	132481.9	42598.07	9744.312	0.009696293	0.4159581	1	0.9227066	0.5201343	0.1771438	0.0569586	0.01302928	0	0.459025	1	0.9096044	0.5662234	0.2741297	0.1105826	0.03864818	0	0.4159581	0.4159581	0	0	0	0.5840419	0.9227066	0.5201343	1	1	0	0
605000300	6-5-0-3-0	C109H180N8O80	2	2881.02626759814	1441.52041026584	0.19107	2881.02004433481	1441.51729865741	89.9441916666667	0	1678	44186.65	0	0	1678	2	0	0	False	False		0	0	0.997372344343038	0	0	0	0	NoError	NoError	2	2	620022	0	0	True	NotKnown	NonValidatedHit	2881.02004433481	-2.16008559233459	Target	0.0472639792006632	0	0	0.630999982357025	1.71002697069665	1	1112.423	14311.33	44186.65	47425.44	30494.83	14955.72	5975.19	2050.903	0.02345625	0.3017649	0.9317079	1	0.6430058	0.3153524	0.1259912	0.04324479	0	0.3164525	0.9461434	1	0.6982571	0.3737492	0.1652899	0.06300554	0	0.3017649	0.3017649	0	0	0	0.629943	1	0.6430058	1	1	0	0
605000300	6-5-0-3-0	C109H180N8O80	2	2881.02626759814	1441.52041026584	0.19107	2881.01600716073	1441.51528007036	92.6823883333333	0	1729	7926.119	0	0	1729	2	0	0	False	False		0	0	0.855219463660205	0	0	0	0	NoError	NoError	2	2	121117	0	0	True	NotKnown	NonValidatedHit	2881.01600716073	-3.56138280734936	Target	0.082996548481977	0	0	0.598999977111816	1.49376544369636	1	0	3321.113	7926.119	8913.733	6385.08	2555.91	888.8735	528.3276	0	0.3725839	0.889203	1	0.7163194	0.2867385	0.09971955	0.05927119	0	0.3468301	0.9619614	1	0.6924164	0.3687333	0.1624993	0.06178122	0	0.3725839	0.3725839	0	0	0	0.5166191	1	0.7163194	1	1	0	0
605000300	6-5-0-3-0	C109H180N8O80	2	2881.02626759814	1441.52041026584	0.19107	2881.02103878685	1441.51779588343	94.23907	0	1759	96130.05	0	0	1759	2	0	0.895329247676839	False	False	Neuraminic Acid	0	1.065551E+07	0.880725602883767	0	0	0	0	NoError	NoError	2	2	1545410	0	0	True	NotKnown	NonValidatedHit	2881.02103878685	-1.81491274429963	Target	0.0582593856381805	0	0	0.467000007629395	0.876172634735575	1	1877.597	42157.48	96130.05	99209.88	57258.88	30735.64	13444.36	4257.899	0.01892551	0.4249323	0.9689565	1	0.577149	0.3098043	0.1355143	0.0429181	0	0.4638243	1	0.9707154	0.6476915	0.3369401	0.1460598	0.05484734	0	0.4249323	0.4249323	0	0	0	0.5440242	1	0.577149	1	1	0	0
605000300	6-5-0-3-0	C109H180N8O80	2	2881.02626759814	1441.52041026584	0.19107	2881.0128326303	1441.51369280515	106.25677	0	1982	141826.7	0	0	1982	2	0	0	False	False		0	0	0.92661661982844	0	0	0	0	NoError	NoError	2	2	2360600	0	0	True	NotKnown	NonValidatedHit	2881.0128326303	-4.66325767277485	Target	0.0446206582702975	0	0	0.560000002384186	1.27272728504228	1	0	52331.95	141826.7	144182.1	93574.52	41590.16	14262.79	6389.604	0	0.3629573	0.9836636	1	0.6490023	0.2884558	0.09892201	0.0443162	0	0.3845609	0.9816083	1	0.6851617	0.3625032	0.1590331	0.06026053	0	0.3629573	0.3629573	0	0	0	0.6207063	1	0.6490023	1	1	0	0
605000300	6-5-0-3-0	C109H180N8O80	3	2881.02626759814	1441.52041026584	0.19107	2881.01297438731	961.344934619105	106.310155	0	1984	148873.2	0	0	1984	3	0	0	False	False		0	0	0.885408315638218	0	0	0	0	NoError	NoError	3	3	3195981	0	0	True	NotKnown	NonValidatedHit	2881.01297438731	-4.61405401921947	Target	0.03170654753491	0	0	0.610000014305115	1.56410265815329	1	0	50129.13	148873.2	156406.4	99806.81	51699.77	21655.91	8304.991	0	0.3205056	0.9518355	1	0.6381248	0.3305476	0.1384592	0.05309879	0	0.3363294	0.9564936	1	0.6944354	0.3704672	0.1634639	0.06220443	0	0.3205056	0.3205056	0	0	0	0.6313299	1	0.6381248	1	1	0	0
605000300	6-5-0-3-0	C109H180N8O80	2	2881.02626759814	1441.52041026584	0.19107	2881.01396297184	1441.51425797592	106.897643333333	0	1995	102289.2	0	0	1995	2	0	0	False	False		0	0	0.993816951327432	0	0	0	0	NoError	NoError	2	2	2086273	0	0	True	NotKnown	NonValidatedHit	2881.01396297184	-4.27091777785076	Target	0.0445221608173244	0	0	0.497000008821487	0.98807160544284	1	0	39620.59	102289.2	94531.52	67433.16	33066.58	15159.39	2788.688	0	0.3873391	1	0.9241598	0.6592406	0.3232657	0.1482013	0.02726279	0	0.4409389	1	0.9859666	0.663669	0.3472159	0.1511264	0.05692513	0	0.3873391	0.3873391	0	0	0	0.6126609	0.9241598	0.6592406	1	1	0	0
605000300	6-5-0-3-0	C109H180N8O80	3	2881.02626759814	1441.52041026584	0.19107	2881.02438916687	961.348739545624	111.121658333333	0	2074	144046.1	0	0	2074	3	0	0	False	False		0	0	0.992190122501647	0	0	0	0	NoError	NoError	3	3	2335492	0	0	True	NotKnown	NonValidatedHit	2881.02438916687	-0.652000744695659	Target	0.072613957850307	0	0	0.633000016212463	1.7247957606966	1	0	44903.2	144046.1	154084.8	94220.55	48946	15911.85	7907.965	0	0.2914188	0.9348493	1	0.6114849	0.3176562	0.1032668	0.05132216	0	0.314571	0.9451636	1	0.698619	0.3740599	0.1654628	0.06308138	0	0.2914188	0.2914188	0	0	0	0.6434306	1	0.6114849	1	1	0	0
605000300	6-5-0-3-0	C109H180N8O80	2	2881.02626759814	1441.52041026584	0.19107	2881.0210571039	1441.51780504195	112.353321666667	0	2096	16882.4	0	0	2096	2	0	0	False	False		0	0	0.986808451669228	0	0	0	0	NoError	NoError	2	2	1782415	0	0	True	NotKnown	NonValidatedHit	2881.0210571039	-1.80855492415139	Target	0.0258598318153797	0	0	0.568000018596649	1.3148149144625	1	0	6052.095	16882.4	16053.48	11490.95	5633.414	2279.607	0	0	0.3584855	1	0.9509002	0.6806466	0.3336856	0.1350286	0	0	0.3767567	0.9775446	1	0.6866623	0.3637919	0.1597501	0	0	0.3584855	0.3584855	0	0	0	0.6415145	0.9509002	0.6806466	1	1	0	0
605000300	6-5-0-3-0	C109H180N8O80	3	2881.02626759814	1441.52041026584	0.19107	2881.02352710356	961.348452191188	112.406811666667	0	2097	21846.04	0	0	2097	3	0	0	False	False		0	0	0.990079030804165	0	0	0	0	NoError	NoError	3	3	2303848	0	0	True	NotKnown	NonValidatedHit	2881.02352710356	-0.951221657408874	Target	0.0682370930289242	0	0	0.607999980449677	1.55102028093553	1	412.0981	6555.489	21846.04	20479.89	13997.61	7610.102	3147.639	807.9959	0.01886374	0.3000768	1	0.9374646	0.640739	0.3483515	0.1440828	0.03698592	0	0.3382341	0.9574854	1	0.6940692	0.3701527	0.163289	0.06212766	0	0.3000768	0.3000768	0	0	0	0.6999233	0.9374646	0.640739	1	1	0	0
605010100	6-5-1-1-0	C93H156N6O68	2	2444.89334334837	1223.45394814095	0.19107	2444.88449628672	1223.44952463336	59.21179	0	1106	30165.72	0	0	1106	2	0	0	False	False		0	0	0.986296739089981	0	0	0	0	NoError	NoError	2	2	333275	0	0	True	NotKnown	NonValidatedHit	2444.88449628672	-3.61858797519987	Target	0.0996997608129044	0	0	0.236000001430511	0.308900526010991	1	0	20118.75	30165.72	23179.57	9756.64	3884.23	600.7368	0	0	0.6669407	1	0.7684076	0.3234347	0.1287631	0.01991455	0	0	0.715209	1	0.7577987	0.4152029	0.1820821	0.06758736	0	0	0.6669407	0.6669407	0	0	0	0.3330593	0.7684076	0.3234347	1	1	0	0
605010100	6-5-1-1-0	C93H156N6O68	3	2444.89334334837	1223.45394814095	0.19107	2444.88973811773	815.970522529243	60.1256333333333	0	1123	17925.97	0	0	1123	3	0	0	False	False		0	0	0.959933488990864	0	0	0	0	NoError	NoError	3	3	225836	0	0	True	NotKnown	NonValidatedHit	2444.88973811773	-1.4745962840891	Target	0.0808775981382301	0	0	0.448000013828278	0.81159424828121	1	1714.663	9423.726	17925.97	15475.99	8291.982	4489.317	0	0	0.09565243	0.5257023	1	0.8633279	0.462568	0.2504365	0	0	0	0.5260704	1	0.8454629	0.4966179	0.2283866	0	0	0	0.5257023	0.5257023	0	0	0	0.4742977	0.8633279	0.462568	1	1	0	0
605010100	6-5-1-1-0	C93H156N6O68	2	2444.89334334837	1223.45394814095	0.19107	2444.88946164774	1223.45200731387	65.0700416666667	0	1215	25754.51	0	0	1215	2	0	0	False	False		0	0	0.985782571022022	0	0	0	0	NoError	NoError	2	2	344772	0	0	True	NotKnown	NonValidatedHit	2444.88946164774	-1.58767687774646	Target	0.0659122617956835	0	0	0.386999994516373	0.631321355716871	1	2852.771	13626.24	25754.51	19544.83	10935.19	5132.117	1562.953	0	0.1107678	0.5290816	1	0.7588897	0.4245932	0.1992706	0.06068658	0	0	0.5811881	1	0.8199162	0.4728924	0.2148928	0.08195356	0	0	0.5290816	0.5290816	0	0	0	0.4709184	0.7588897	0.4245932	1	1	0	0
605010100	6-5-1-1-0	C93H156N6O68	3	2444.89334334837	1223.45394814095	0.19107	2444.88633014403	815.969386538009	66.52597	0	1242	3323.525	0	0	1242	3	0	0	False	False		0	0	0.983344333052652	0	0	0	0	NoError	NoError	3	3	38973	0	0	True	NotKnown	NonValidatedHit	2444.88633014403	-2.86851136460318	Target	0.0579581683025649	0	0	0.483000010251999	0.934236015144653	1	0	1479.631	3323.525	2669.43	1565.726	690.6401	390.9881	97.05373	0	0.4451993	1	0.8031923	0.4711039	0.2078035	0.1176426	0.02920204	0	0.4941863	1	0.8602409	0.5103424	0.2361924	0.0912796	0.03060406	0	0.4451993	0.4451993	0	0	0	0.5548007	0.8031923	0.4711039	1	1	0	0
605010100	6-5-1-1-0	C93H156N6O68	2	2444.89334334837	1223.45394814095	0.19107	2444.88631812618	1223.45043555309	75.9931166666667	0	1419	26722.47	0	0	1419	2	0	0	False	False		0	0	0.990171465424199	0	0	0	0	NoError	NoError	2	2	312160	0	0	True	NotKnown	NonValidatedHit	2444.88631812618	-2.87342685535655	Target	0.0222033574276234	0	0	0.354000002145767	0.5479876212409	1	1255.627	16435.18	26722.47	22159.47	11860.58	5639.774	1621.44	1016.9	0.04698767	0.615032	1	0.8292447	0.443843	0.2110499	0.06067704	0.03805412	0	0.6107692	1	0.8062056	0.4601592	0.2076508	0.07878266	0.02604248	0	0.615032	0.615032	0	0	0	0.384968	0.8292447	0.443843	1	1	0	0
605010100	6-5-1-1-0	C93H156N6O68	2	2444.89334334837	1223.45394814095	0.19107	2444.88307264705	1223.44881281352	79.75095	0	1489	32750.19	0	0	1489	2	0	0	False	False		0	0	0.980470673785001	0	0	0	0	NoError	NoError	2	2	455549	0	0	True	NotKnown	NonValidatedHit	2444.88307264705	-4.20087908872023	Target	0.0799095402576759	0	0	0.361999988555908	0.567398091007135	1	1554.207	19811.15	32750.19	24907.73	17562.38	5854.792	1765.086	305.663	0.04745645	0.6049173	1	0.7605371	0.5362527	0.1787712	0.05389545	0.009333169	0	0.6036131	1	0.8095224	0.4632395	0.2094028	0.07954973	0.02632247	0	0.6049173	0.6049173	0	0	0	0.3950827	0.7605371	0.5362527	1	1	0	0
605010100	6-5-1-1-0	C93H156N6O68	2	2444.89334334837	1223.45394814095	0.19107	2444.88699027368	1223.45077162684	80.4487316666667	0	1502	17194.61	0	0	1502	2	0	0	False	False		0	0	0.989042813670868	0	0	0	0	NoError	NoError	2	2	256414	0	0	True	NotKnown	NonValidatedHit	2444.88699027368	-2.59850790729918	Target	0.0971316411600223	0	0	0.360000014305115	0.562500034924597	1	1820.732	11089.9	17194.61	15697.18	7490.68	3788.77	1060.115	0	0.1058897	0.6449637	1	0.9129131	0.4356413	0.2203464	0.06165395	0	0	0.6054031	1	0.8086928	0.462469	0.2089646	0.07935787	0	0	0.6449637	0.6449637	0	0	0	0.3550363	0.9129131	0.4356413	1	1	0	0
605010100	6-5-1-1-0	C93H156N6O68	2	2444.89334334837	1223.45394814095	0.19107	2444.88531298813	1223.44993298407	83.77307	0	1563	51506.41	0	0	1563	2	0	0	False	False		0	0	0.978867801339248	0	0	0	0	NoError	NoError	2	2	661914	0	0	True	NotKnown	NonValidatedHit	2444.88531298813	-3.28454419342688	Target	0.0513265013662498	0	0	0.472000002861023	0.893939404201902	1	2234.772	25853.92	51506.41	46416.7	23192.7	11990.85	3535.258	971.8213	0.04338823	0.5019553	1	0.9011829	0.4502876	0.232803	0.06863723	0.01886797	0	0.5042276	1	0.8555868	0.5060201	0.2337342	0.09020324	0.03021117	0	0.5019553	0.5019553	0	0	0	0.4980447	0.9011829	0.4502876	1	1	0	0
605010200	6-5-1-2-0	C104H173N7O76	2	2735.98875987771	1369.00165640562	0.19107	2735.97905736574	1368.99680517287	75.50975	0	1409	38119.32	0	0	1409	2	0	0.866758607950506	False	False	Hexose	0	286077	0.940341496352603	0	0	0	0	NoError	NoError	2	2	837311	0	0	True	NotKnown	NonValidatedHit	2735.97905736574	-3.54625432323688	Target	0.0456297684445791	0	0	0.287000000476837	0.402524545117498	1	3245.338	21288.15	38119.32	30532.4	18353.14	8404.454	3817.503	522.982	0.08513631	0.5584608	1	0.8009692	0.4814655	0.2204775	0.1001462	0.0137196	0	0.616713	1	0.8501747	0.5158681	0.248744	0.101032	0.03579471	0	0.5584608	0.5584608	0	0	0	0.4415392	0.8009692	0.4814655	1	1	0	0
605010200	6-5-1-2-0	C104H173N7O76	2	2735.98875987771	1369.00165640562	0.19107	2735.98039038149	1368.99747168075	76.74582	0	1432	99419.1	0	0	1432	2	0	0.853903335657448	False	False	Hexose	0	130171	0.936314182621391	0	0	0	0	NoError	NoError	2	2	1574760	0	0	True	NotKnown	NonValidatedHit	2735.98039038149	-3.05903896044256	Target	0.0664163372767967	0	0	0.324999988079071	0.481481455317578	1	7136.906	54917.86	99419.1	81017.71	53603.74	23453.78	9230.055	1965.469	0.07178606	0.5523874	1	0.8149109	0.5391694	0.2359082	0.09283985	0.01976953	0	0.5880774	1	0.8672991	0.5331421	0.2594393	0.1061148	0.0378052	0	0.5523874	0.5523874	0	0	0	0.4476126	0.8149109	0.5391694	1	1	0	0
605010200	6-5-1-2-0	C104H173N7O76	2	2735.98875987771	1369.00165640562	0.19107	2735.97756472631	1368.99605885315	79.6435783333333	0	1487	33559.28	0	0	1487	2	0	0.0568657659150298	False	False	Hexose	0	88566	0.919433084347563	0	0	0	0	NoError	NoError	2	2	566909	0	0	True	NotKnown	NonValidatedHit	2735.97756472631	-4.09181191144963	Target	0.0830219802042322	0	0	0.367000013589859	0.579778864879893	1	0	16469.77	33559.28	29532.04	15869.35	7730.283	3148.35	0	0	0.4907666	1	0.8799962	0.4728753	0.2303471	0.09381459	0	0	0.5559404	1	0.8865173	0.5525282	0.2714422	0.1118189	0	0	0.4907666	0.4907666	0	0	0	0.5092334	0.8799962	0.4728753	1	1	0	0
605010200	6-5-1-2-0	C104H173N7O76	3	2735.98875987771	1369.00165640562	0.19107	2735.98024210225	913.000690524083	93.27231	0	1741	7504.125	0	0	1741	3	0	0	False	False		0	0	0.89395921804727	0	0	0	0	NoError	NoError	3	3	148338	0	0	True	NotKnown	NonValidatedHit	2735.98024210225	-3.1132348135624	Target	0.0535761139048417	0	0	0.40599998831749	0.683501650391371	1	0	3887.478	7504.125	6233.146	4562.904	2372.511	707.2114	0	0	0.5180455	1	0.8306293	0.6080527	0.316161	0.09424302	0	0	0.5256306	1	0.9046429	0.5708121	0.2827627	0.1171988	0	0	0.5180455	0.5180455	0	0	0	0.4819545	0.8306293	0.6080527	1	1	0	0
605010200	6-5-1-2-0	C104H173N7O76	2	2735.98875987771	1369.00165640562	0.19107	2735.98432648789	1368.99943973395	111.068278333333	0	2073	24714.8	0	0	2073	2	0	0	False	False		0	0	0.976219933980637	0	0	0	0	NoError	NoError	2	3	620077	0	0	True	NotKnown	NonValidatedHit	2735.99140757594	0.967729937671852	Target	0.0626463117573261	0	0.986279733774102	0.363000005483627	0.569858726230016	1	0	14958.7	24714.8	22175.74	15562.05	6001.802	1210.004	451.4621	0	0.6052526	1	0.8972655	0.6296654	0.2428424	0.04895869	0.01826687	0	0.5590234	1	0.8846737	0.5506684	0.2702907	0.1112717	0.03984505	0	0.6052526	0.6052526	0	0	0	0.3947474	0.8972655	0.6296654	1	1	0	0
605010300	6-5-1-3-0	C115H190N8O84	3	3027.08417640704	1514.54936467029	0.19107	3027.07702842619	1010.03295263206	71.3768516666667	0	1333	34203.72	0	0	1333	3	0	0	False	False		0	0	0.977735548515055	0	0	0	0	NoError	NoError	3	3	582600	0	0	True	NotKnown	NonValidatedHit	3027.07702842619	-2.36134194960385	Target	0.088158177841947	0	0	0.407999992370605	0.689189167419779	1	2367.847	15392.34	34203.72	35303.72	21175.97	11418.93	4714.046	1472.116	0.06707075	0.4359976	0.9688417	1	0.5998227	0.3234482	0.1335283	0.04169862	0	0.490714	1	0.9809326	0.6686035	0.3571312	0.159314	0.06164081	0	0.4359976	0.4359976	0	0	0	0.5328441	1	0.5998227	1	1	0	0
605010300	6-5-1-3-0	C115H190N8O84	2	3027.08417640704	1514.54936467029	0.19107	3027.07789517934	1514.54622407967	91.12592	0	1701	147939.1	0	0	1701	2	0	0	False	False		0	0	0.903007638032571	0	0	0	0	NoError	NoError	2	2	3252516	0	0	True	NotKnown	NonValidatedHit	3027.07789517934	-2.07500926243705	Target	0.0428636212753378	0	0	0.483999997377396	0.937984486274096	1	4321.881	58460.86	147939.1	146538.2	95915.92	48979.97	18492.14	6267.844	0.02921391	0.3951684	1	0.9905302	0.6483473	0.3310819	0.1249983	0.04236773	0	0.4283517	0.9794871	1	0.6976138	0.378397	0.1706926	0.06661093	0	0.3951684	0.3951684	0	0	0	0.6048316	0.9905302	0.6483473	1	1	0	0
605010300	6-5-1-3-0	C115H190N8O84	2	3027.08417640704	1514.54936467029	0.19107	3027.07453793568	1514.54454545784	92.628895	0	1729	57498.69	0	0	1729	2	0	0.875336111403442	False	False	Deoxyhexose	0	114937	0.977776873192605	0	0	0	0	NoError	NoError	2	2	1045219	0	0	True	NotKnown	NonValidatedHit	3027.07453793568	-3.18407774620781	Target	0.00639868534718158	0	0	0.460999995470047	0.855287553980769	1	1357.357	26718.72	57498.69	58950.47	40299.85	21235.8	9027.773	3600.867	0.02302539	0.4532401	0.9753729	1	0.6836222	0.3602312	0.1531417	0.06108292	0	0.4498424	0.9914282	1	0.6928273	0.3741157	0.1682172	0.06548351	0	0.4532401	0.4532401	0	0	0	0.5221328	1	0.6836222	1	1	0	0
605010300	6-5-1-3-0	C115H190N8O84	3	3027.08417640704	1514.54936467029	0.19107	3027.07794254892	1010.03325733964	96.226265	0	1796	18645.44	0	0	1796	3	0	0.866478227727969	False	False	Deoxyhexose	0	271494	0.945875730953514	0	0	0	0	NoError	NoError	3	3	265031	0	0	True	NotKnown	NonValidatedHit	3027.07794254892	-2.0593606786242	Target	0.0128610912581063	0	0	0.379999995231628	0.612903213401739	1	0	9172.505	18645.44	17827.1	11601.98	6971.125	2928.462	1387.976	0	0.4919437	1	0.9561105	0.6222421	0.3738783	0.1570605	0.07444049	0	0.509798	1	0.9666316	0.653012	0.3466974	0.1539691	0.05936568	0	0.4919437	0.4919437	0	0	0	0.5080563	0.9561105	0.6222421	1	1	0	0
605010300	6-5-1-3-0	C115H190N8O84	3	3027.08417640704	1514.54936467029	0.19107	3027.08069210481	1010.03417385827	98.37282	0	1835	16325.48	0	0	1835	3	0	0	False	False		0	0	0.89965741401366	0	0	0	0	NoError	NoError	3	3	304759	0	0	True	NotKnown	NonValidatedHit	3027.08069210481	-1.15104239849078	Target	0.0792899697280387	0	0	0.545000016689301	1.19780227841711	1	618.6058	5234.654	16325.48	16122.77	10363.78	6116.092	3641.268	692.9956	0.03789205	0.3206432	1	0.9875832	0.6348222	0.3746348	0.223042	0.04244872	0	0.3724484	0.9484249	1	0.7100648	0.389534	0.1771318	0.06954364	0	0.3206432	0.3206432	0	0	0	0.6793568	0.9875832	0.6348222	1	1	0	0
605020200	6-5-2-2-0	C110H183N7O80	3	2882.04666868661	1442.03061081007	0.19107	2882.0388834494	961.686904306466	78.1937616666667	0	1459	9367.782	0	0	1459	3	0	0	False	False		0	0	0.990966973033506	0	0	0	0	NoError	NoError	3	3	109857	0	0	True	NotKnown	NonValidatedHit	2882.0388834494	-2.70128769683481	Target	0.0997982109506292	0	0	0.219999998807907	0.282051280091892	1	0	6778.01	9367.782	8253.404	5453.231	3029.152	1260.24	0	0	0.7235448	1	0.8810414	0.5821262	0.3233585	0.1345291	0	0	0.636996	1	0.8567197	0.5285967	0.2605537	0.1084897	0	0	0.7235448	0.7235448	0	0	0	0.2764552	0.8810414	0.5821262	1	1	0	0
605020200	6-5-2-2-0	C110H183N7O80	2	2882.04666868661	1442.03061081007	0.19107	2882.02675324956	1442.02065311478	100.35934	0	1873	5495.194	0	0	1873	2	0	0	False	False		0	0	0.967365630679061	0	0	0	0	NoError	NoError	2	2	20392	0	0	True	NotKnown	NonValidatedHit	2882.02675324956	-6.91017160345962	Target	0.0418859000088628	0	0	0	-1	1	0	4483.549	5495.194	3936.748	0	0	0	0	0	0.8159036	1	0.7163982	0	0	0	0	0	0.7765077	1	0.7623029	0	0	0	0	0	0.8159036	0.8159036	0	0	0	0.1840964	0.7163982	0	1	1	0	0
605020300	6-5-2-3-0	C121H200N8O88	3	3173.14208521594	1587.57831907474	0.19107	3173.13596927332	1058.71926624777	93.59418	0	1747	28357.7	0	0	1747	3	0	0	False	False		0	0	0.862524922193997	0	0	0	0	NoError	NoError	3	3	507545	0	0	True	NotKnown	NonValidatedHit	3173.13596927332	-1.92740900210368	Target	0.0201309893874893	0	0	0.44200000166893	0.792114700700563	1	0	13024.08	28357.7	29549.98	21319.37	11111.34	7196.558	2299.549	0	0.4407475	0.9596522	1	0.7214682	0.3760185	0.2435385	0.07781897	0	0.4357176	0.9627683	1	0.7152774	0.3991657	0.1855063	0.07463149	0	0.4407475	0.4407475	0	0	0	0.5189047	1	0.7214682	1	1	0	0
702000000	7-2-0-0-0	C58H100N2O46	2	1560.55472383779	781.284638385663	0.19107	1560.5571438942	781.285848437102	40.7911616666667	0	763	13494.13	0	0	763	2	0	0.897994767387654	False	False	Hexose	0	5417250	0.937755313304971	0	0	0	0	NoError	NoError	1	2	226840	0	0	True	NotKnown	NonValidatedHit	1560.55464418012	-0.0510444568519271	Target	1.98421431485042E-05	0	0.908661539792296	0.767000019550323	3.291845853678	0.6733578	0	4893.632	19386.9	12398.39	0	0	0	0	0	0.2524195	1	0.639524	0	0	0	0	0	0.2521939	1	0.6384673	0	0	0	0	0	0.2524195	0.1699687	0	0	0	0.8300313	0.639524	0	1	0.6733578	0	0
702000000	7-2-0-0-0	C58H100N2O46	1	1560.55472383779	781.284638385663	0.19107	1560.55007708731	1561.55735357731	41.8616366666667	0	783	34430.34	0	0	783	1	0	0	False	False		0	0	0.99812272292391	0	0	0	0	NoError	NoError	1	1	341666	0	0	True	NotKnown	NonValidatedHit	1560.55007708731	-2.97762738149005	Target	0.02800790847411	0	0	0.347000002861023	0.531393574856588	0.6733578	0	34430.34	41868.93	23194.72	7444.251	0	0	0	0	0.8223364	1	0.5539842	0.1777989	0	0	0	0	0.8300468	1	0.5585222	0.2306815	0	0	0	0	0.8223364	0.5537267	0	0	0	0.4462733	0.5539842	0.1777989	1	0.6733578	0	0
703000400	7-3-0-4-0	C110H181N7O83	2	2928.01576248966	1465.0151577116	0.19107	2928.00732289357	1465.01093793678	56.3129583333333	0	1052	2646.273	0	0	1052	2	0	0	False	False		0	0	0.996323473178256	0	0	0	0	NoError	NoError	2	2	22261	0	0	True	NotKnown	NonValidatedHit	2928.00732289357	-2.88236019787732	Target	0.067653318207207	0	0	0	-1	1	1837.661	2216.277	2646.273	2021.354	1233.644	341.8182	0	0	0.6944336	0.837509	1	0.7638494	0.4661815	0.1291697	0	0	0	0.7766958	1	0.7668527	0.4352469	0.2010294	0	0	0	0.837509	0.837509	0	0	0	0.162491	0.7638494	0.4661815	1	1	0	0
704000100	7-4-0-1-0	C85H143N5O64	2	2257.80888543617	1129.91171918486	0.19107	2257.80348429367	1129.90901863684	66.2020816666667	0	1236	2607.133	0	0	1236	2	0	0	False	False		0	0	0.950756578439393	0	0	0	0	NoError	NoError	2	2	21322	0	0	True	NotKnown	NonValidatedHit	2257.80348429367	-2.39220535018236	Target	0.00176328636266694	0	0	0.326999992132187	0.485884083669156	0.9938744	0	2607.133	3853.06	2829.091	1564.9	0	0	0	0	0.6766396	1	0.7342452	0.4061448	0	0	0	0	0.6757859	1	0.7428266	0.3953519	0	0	0	0	0.6766396	0.6724948	0	0	0	0.3275052	0.7342452	0.4061448	1	0.9938744	0	0
705000100	7-5-0-1-0	C93H156N6O69	2	2460.88825797069	1231.45140545212	0.19107	2460.87883506325	1231.44669402162	53.1999233333333	0	995	5153.701	0	0	995	2	0	0	False	False		0	0	0.987292279141076	0	0	0	0	NoError	NoError	2	2	52001	0	0	True	NotKnown	NonValidatedHit	2460.87883506325	-3.82906757907907	Target	0.0758333467830706	0	0	0.351000010967255	0.540832075344681	1	0	3395.582	5153.701	4551.815	2490.541	0	0	0	0	0.6588628	1	0.8832128	0.4832529	0	0	0	0	0.6134502	1	0.8061944	0.4610124	0	0	0	0	0.6588628	0.6588628	0	0	0	0.3411372	0.8832128	0.4832529	1	1	0	0
705010100	7-5-1-1-0	C99H166N6O73	2	2606.94616677959	1304.48035985657	0.19107	2606.95495798283	1304.48475548142	94.23907	0	1758	13765.61	0	0	1758	2	0	0	False	False		0	0	0.937431403806756	0	0	0	0	NoError	NoError	2	2	245624	0	0	True	NotKnown	NonValidatedHit	2606.95495798283	3.37222277638921	Target	0.0631235784910117	0	0	0.448000013828278	0.81159424828121	1	0	6292.83	13765.61	11414.91	7460.959	2870.312	0	0	0	0.4571414	1	0.8292336	0.5419999	0.2085133	0	0	0	0.5076842	1	0.8884012	0.5473312	0.2638973	0	0	0	0.4571414	0.4571414	0	0	0	0.5428586	0.8292336	0.5419999	1	1	0	0
705010200	7-5-1-2-0	C110H183N7O81	2	2898.04158330893	1450.02806812124	0.19107	2898.03779922262	1450.02617610131	94.93753	0	1772	2078.062	0	0	1772	2	0	0	False	False		0	0	0.87483788819037	0	0	0	0	NoError	NoError	2	2	36028	0	0	True	NotKnown	NonValidatedHit	2898.03779922262	-1.30573913655186	Target	0.0267626561877869	0	0	0.75	3	1	0	443.0758	2078.062	2262.553	1735.108	0	0	0	0	0.19583	0.9184589	1	0.7668806	0	0	0	0	0.2063061	0.884603	1	0.723446	0	0	0	0	0.19583	0.19583	0	0	0	0.722629	1	0.7668806	1	1	0	0
706000100	7-6-0-1-0	C101H169N7O74	3	2663.96763050522	1332.99109171938	0.19107	2663.96370563398	888.995178367994	61.0938516666667	0	1142	9865.038	0	0	1142	3	0	0	False	False		0	0	0.960621422031381	0	0	0	0	NoError	NoError	3	3	125711	0	0	True	NotKnown	NonValidatedHit	2663.96370563398	-1.47331791520149	Target	0.0376706474499677	0	0	0.361000001430511	0.564945230420457	1	1128.431	5897.881	9865.038	9191.082	4886.686	2605.661	922.0688	212.0742	0.1143869	0.5978569	1	0.9316823	0.4953539	0.2641309	0.09346835	0.02149755	0	0.5715412	1	0.8643064	0.5264344	0.2530251	0.1020652	0.03582817	0	0.5978569	0.5978569	0	0	0	0.4021431	0.9316823	0.4953539	1	1	0	0
706000200	7-6-0-2-0	C112H186N8O82	3	2955.06304703455	1478.53879998405	0.19107	2955.05152317468	986.024450881561	79.6972116666667	0	1487	30867.37	0	0	1487	3	0	0	False	False		0	0	0.961610156409157	0	0	0	0	NoError	NoError	3	3	440201	0	0	True	NotKnown	NonValidatedHit	2955.05152317468	-3.89970017123195	Target	0.0942136464849721	0	0	0.570999979972839	1.33100222218332	1	0	11937.04	30867.37	33948.29	21712.29	9627.86	4519.279	0	0	0.3516243	0.9092469	1	0.6395695	0.2836037	0.1331224	0	0	0.361065	0.9551597	1	0.7013142	0.379157	0.1697762	0	0	0.3516243	0.3516243	0	0	0	0.5576227	1	0.6395695	1	1	0	0
706000200	7-6-0-2-0	C112H186N8O82	2	2955.06304703455	1478.53879998405	0.19107	2955.05653738033	1478.53554518017	90.3738933333333	0	1687	37674.18	0	0	1687	2	0	0	False	False		0	0	0.986673273034638	0	0	0	0	NoError	NoError	2	2	490871	0	0	True	NotKnown	NonValidatedHit	2955.05653738033	-2.20288167055444	Target	0.0397465786108628	0	0	0.537999987602234	1.16450210641777	1	818.3835	14161.37	37674.18	37345.77	27997.2	12166.86	5848.013	1666.226	0.02172267	0.3758906	1	0.991283	0.7431403	0.3229495	0.155226	0.04422726	0	0.3920434	0.9718345	1	0.6948961	0.3735303	0.166584	0.06418315	0	0.3758906	0.3758906	0	0	0	0.6241094	0.991283	0.7431403	1	1	0	0
706000200	7-6-0-2-0	C112H186N8O82	3	2955.06304703455	1478.53879998405	0.19107	2955.05678076188	986.026203410626	94.1853766666667	0	1758	2975.442	0	0	1758	3	0	0	False	False		0	0	0.960804255769318	0	0	0	0	NoError	NoError	3	3	34976	0	0	True	NotKnown	NonValidatedHit	2955.05678076188	-2.12052080717439	Target	0.0857249173436564	0	0	0.375	0.6	1	0	1689.774	2975.442	3263.919	1894.874	967.6513	0	0	0	0.5177132	0.9116162	1	0.5805517	0.2964691	0	0	0	0.5223588	1	0.9448218	0.6250731	0.3253208	0	0	0	0.5177132	0.5177132	0	0	0	0.393903	1	0.5805517	1	1	0	0
706010200	7-6-1-2-0	C118H196N8O86	3	3101.12095584345	1551.5677543885	0.19107	3101.1132588989	1034.71169612297	111.121658333333	0	2073	9090.459	0	0	2073	3	0	0	False	False		0	0	0.957743412879909	0	0	0	0	NoError	NoError	3	3	119775	0	0	True	NotKnown	NonValidatedHit	3101.1132588989	-2.48198785608782	Target	0.0445542580633778	0	0	0.347000002861023	0.531393574856588	1	0	4832.186	9090.459	9062.956	6295.745	2547.188	1486.262	0	0	0.5315668	1	0.9969745	0.6925662	0.2802045	0.1634969	0	0	0.5222945	1	0.9691395	0.6601225	0.3543702	0.1593505	0	0	0.5315668	0.5315668	0	0	0	0.4684332	0.9969745	0.6925662	1	1	0	0
707060000	7-7-6-0-0	C134H225N7O95	3	3452.2990393638	1727.15679614867	0.19107	3452.29526057351	1151.77236334784	73.6857066666667	0	1376	3011.399	0	0	1376	3	0	0	False	False		0	0	0.966775998313235	0	0	0	0	NoError	NoError	3	3	41103	0	0	True	NotKnown	NonValidatedHit	3452.29526057351	-1.09457212315683	Target	0.044779634432445	0	0	0	-1	1	2414.216	2069.561	3011.399	2539.181	1702.276	0	0	0	0.8016923	0.6872422	1	0.8431898	0.5652773	0	0	0	0	0.6395918	1	0.8972031	0.5886219	0	0	0	0	0.6872422	0.6872422	0	0	0	0.3127578	0.8431898	0.5652773	1	1	0	0
902000000	9-2-0-0-0	C70H120N2O56	2	1884.66037070024	943.337461816888	0.19107	1884.65488624818	943.33471961409	43.74572	0	818	27959.59	0	0	818	2	0	0	False	False		0	0	0.973441371875925	0	0	0	0	NoError	NoError	1	2	415500	0	0	True	NotKnown	NonValidatedHit	1884.6566223503	-1.98887289701113	Target	0.0553177554668466	0	0.673634252823332	0	-1	0.811042	0	1175.612	964.0117	438.627	0	0	0	0	0	1	0.8200082	0.3731052	0	0	0	0	0	1	0.811042	0.4364239	0	0	0	0	0	1	0.811042	0	0	0	0.008966267	0.3731052	0	1	0.811042	0	0
1002010000	10-2-1-0-0	C82H140N2O65	2	2192.77110294036	1097.39282793695	0.19107	2192.76804557466	1097.39129927733	74.8664233333333	0	1397	11708.09	0	0	1397	2	0	0	False	False		0	0	0.874636905906876	0	0	0	0	NoError	NoError	2	2	193307	0	0	True	NotKnown	NonValidatedHit	2192.76804557466	-1.39429313540753	Target	0.0280237886417223	0	0	0.418999999761581	0.721170395162893	0.9487261	2200.225	11708.09	18969.88	14725.92	8539.072	0	0	0	0.1159852	0.6171937	1	0.7762789	0.4501383	0	0	0	0	0.5988395	1	0.7538795	0.4044155	0	0	0	0	0.6171937	0.5855477	0	0	0	0.4144523	0.7762789	0.4501383	1	0.9487261	0	0
