Dataset	TargetID	Code	EmpiricalFormula	ChargeState	Scan	ScanStart	ScanEnd	NumMSSummed	NET	NETError	NumChromPeaksWithinTol	NumQualityChromPeaksWithinTol	MonoisotopicMass	MonoisotopicMassCalibrated	MassErrorInPPM	MonoMZ	IntensityRep	FitScore	IScore	FailureType	ErrorDescription
Scott	100000000	1-0-0-0-0	C6H14N0O6	2	1977	1422	1437	0	0.19107	-1.191074	9	3	182.0790344	0	5	92.04679369	5000	0.0901	0.6829	100	100
Scott	200000000	2-0-0-0-0	C12H24N0O11	2	1977	1422	1437	0	0.19107	-1.191074	9	3	344.1318548	0	5	173.0732039	5000	0.0901	0.6829	100	100
Scott	300000000	3-0-0-0-0	C18H34N0O16	2	1977	1422	1437	0	0.19107	-1.191074	9	3	506.1846751	0	5	254.099614	5000	0.0901	0.6829	100	100
Scott	300000100	3-0-0-0-1	C23H42N0O20	2	1977	1422	1437	0	0.19107	-1.191074	9	3	638.2269313	0	5	320.1207421	5000	0.0901	0.6829	100	100
Scott	300000200	3-0-0-0-2	C28H50N0O24	2	1977	1422	1437	0	0.19107	-1.191074	9	3	770.2691876	0	5	386.1418703	5000	0.0901	0.6829	100	100
Scott	300000300	3-0-0-0-3	C33H58N0O28	2	1977	1422	1437	0	0.19107	-1.191074	9	3	902.3114439	0	5	452.1629984	5000	0.0901	0.6829	100	100
Scott	300210000	3-2-1-0-0	C40H70N2O30	2	1977	1422	1437	0	0.19107	-1.191074	9	3	1058.40132	0	5	530.2079366	5000	0.0901	0.6829	100	100
Scott	300210100	3-2-1-0-1	C45H78N2O34	2	1977	1422	1437	0	0.19107	-1.191074	9	3	1190.443577	0	5	596.2290647	5000	0.0901	0.6829	100	100
Scott	300210200	3-2-1-0-2	C50H86N2O38	2	1977	1422	1437	0	0.19107	-1.191074	9	3	1322.485833	0	5	662.2501929	5000	0.0901	0.6829	100	100
Scott	300210300	3-2-1-0-3	C55H94N2O42	2	1977	1422	1437	0	0.19107	-1.191074	9	3	1454.528089	0	5	728.271321	5000	0.0901	0.6829	100	100
Scott	400000000	4-0-0-0-0	C24H44N0O21	2	1977	1422	1437	0	0.19107	-1.191074	9	3	668.2374954	0	5	335.1260242	5000	0.0901	0.6829	100	100
Scott	400000100	4-0-0-0-1	C29H52N0O25	2	1977	1422	1437	0	0.19107	-1.191074	9	3	800.2797517	0	5	401.1471523	5000	0.0901	0.6829	100	100
Scott	400000200	4-0-0-0-2	C34H60N0O29	2	1977	1422	1437	0	0.19107	-1.191074	9	3	932.3220079	0	5	467.1682804	5000	0.0901	0.6829	100	100
Scott	400000300	4-0-0-0-3	C39H68N0O33	2	1977	1422	1437	0	0.19107	-1.191074	9	3	1064.364264	0	5	533.1894086	5000	0.0901	0.6829	100	100
Scott	400100000	4-1-0-0-0	C32H57N1O26	2	1977	1422	1437	0	0.19107	-1.191074	9	3	871.3168648	0	5	436.6657089	5000	0.0901	0.6829	100	100
Scott	400100100	4-1-0-0-1	C37H65N1O30	2	1977	1422	1437	0	0.19107	-1.191074	9	3	1003.359121	0	5	502.686837	5000	0.0901	0.6829	100	100
Scott	400100200	4-1-0-0-2	C42H73N1O34	2	1977	1422	1437	0	0.19107	-1.191074	9	3	1135.401377	0	5	568.7079651	5000	0.0901	0.6829	100	100
Scott	400100300	4-1-0-0-3	C47H81N1O38	2	1977	1422	1437	0	0.19107	-1.191074	9	3	1267.443634	0	5	634.7290933	5000	0.0901	0.6829	100	100
Scott	400120001	4-1-2-1-0	C55H94N2O42	2	1977	1422	1437	0	0.19107	-1.191074	9	3	1454.528089	0	5	728.271321	5000	0.0901	0.6829	100	100
Scott	400200000	4-2-0-0-0	C40H70N2O31	2	1977	1422	1437	0	0.19107	-1.191074	9	3	1074.396234	0	5	538.2053936	5000	0.0901	0.6829	100	100
Scott	400200100	4-2-0-0-1	C45H78N2O35	2	1977	1422	1437	0	0.19107	-1.191074	9	3	1206.438491	0	5	604.2265217	5000	0.0901	0.6829	100	100
Scott	400200200	4-2-0-0-2	C50H86N2O39	2	1977	1422	1437	0	0.19107	-1.191074	9	3	1338.480747	0	5	670.2476499	5000	0.0901	0.6829	100	100
Scott	400200300	4-2-0-0-3	C55H94N2O43	2	1977	1422	1437	0	0.19107	-1.191074	9	3	1470.523003	0	5	736.268778	5000	0.0901	0.6829	100	100
Scott	400420300	4-4-2-0-3	C83H140N4O61	2	1977	1422	1437	0	0.19107	-1.191074	9	3	2168.797555	0	5	1085.406054	5000	0.0901	0.6829	100	100
Scott	400430300	4-4-3-0-3	C89H150N4O65	2	1977	1422	1437	0	0.19107	-1.191074	9	3	2314.855461	0	5	1158.435007	5000	0.0901	0.6829	100	100
Scott	400500300	4-5-0-0-3	C79H133N5O58	2	1977	1422	1437	0	0.19107	-1.191074	9	3	2079.761111	0	5	1040.887832	5000	0.0901	0.6829	100	100
Scott	400500301	4-5-0-1-3	C90H150N6O66	2	1977	1422	1437	0	0.19107	-1.191074	9	3	2370.856523	0	5	1186.435538	5000	0.0901	0.6829	100	100
Scott	400600300	4-6-0-0-3	C87H146N6O63	2	1977	1422	1437	0	0.19107	-1.191074	9	3	2282.840481	0	5	1142.427517	5000	0.0901	0.6829	100	100
Scott	500000000	5-0-0-0-0	C30H54N0O26	2	1977	1422	1437	0	0.19107	-1.191074	9	3	830.2903157	0	5	416.1524343	5000	0.0901	0.6829	100	100
Scott	500000100	5-0-0-0-1	C35H62N0O30	2	1977	1422	1437	0	0.19107	-1.191074	9	3	962.332572	0	5	482.1735625	5000	0.0901	0.6829	100	100
Scott	500000200	5-0-0-0-2	C40H70N0O34	2	1977	1422	1437	0	0.19107	-1.191074	9	3	1094.374828	0	5	548.1946906	5000	0.0901	0.6829	100	100
Scott	500000300	5-0-0-0-3	C45H78N0O38	2	1977	1422	1437	0	0.19107	-1.191074	9	3	1226.417085	0	5	614.2158187	5000	0.0901	0.6829	100	100
Scott	500010001	5-0-1-1-0	C47H81N1O38	2	1977	1422	1437	0	0.19107	-1.191074	9	3	1267.443634	0	5	634.7290933	5000	0.0901	0.6829	100	100
Scott	500100000	5-1-0-0-0	C38H67N1O31	2	1977	1422	1437	0	0.19107	-1.191074	9	3	1033.369685	0	5	517.692119	5000	0.0901	0.6829	100	100
Scott	500100100	5-1-0-0-1	C43H75N1O35	2	1977	1422	1437	0	0.19107	-1.191074	9	3	1165.411941	0	5	583.7132472	5000	0.0901	0.6829	100	100
Scott	500100200	5-1-0-0-2	C48H83N1O39	2	1977	1422	1437	0	0.19107	-1.191074	9	3	1297.454198	0	5	649.7343753	5000	0.0901	0.6829	100	100
Scott	500100300	5-1-0-0-3	C53H91N1O43	2	1977	1422	1437	0	0.19107	-1.191074	9	3	1429.496454	0	5	715.7555034	5000	0.0901	0.6829	100	100
Scott	500110001	5-1-1-1-0	C55H94N2O43	2	1977	1422	1437	0	0.19107	-1.191074	9	3	1470.523003	0	5	736.268778	5000	0.0901	0.6829	100	100
Scott	500200000	5-2-0-0-0	C46H80N2O36	2	1977	1422	1437	0	0.19107	-1.191074	9	3	1236.449055	0	5	619.2318038	5000	0.0901	0.6829	100	100
Scott	500200100	5-2-0-0-1	C51H88N2O40	2	1977	1422	1437	0	0.19107	-1.191074	9	3	1368.491311	0	5	685.2529319	5000	0.0901	0.6829	100	100
Scott	500200200	5-2-0-0-2	C56H96N2O44	2	1977	1422	1437	0	0.19107	-1.191074	9	3	1500.533567	0	5	751.27406	5000	0.0901	0.6829	100	100
Scott	500200300	5-2-0-0-3	C61H104N2O48	2	1977	1422	1437	0	0.19107	-1.191074	9	3	1632.575823	0	5	817.2951881	5000	0.0901	0.6829	100	100
Scott	500330001	5-3-3-1-0	C83H140N4O61	2	1977	1422	1437	0	0.19107	-1.191074	9	3	2168.797555	0	5	1085.406054	5000	0.0901	0.6829	100	100
Scott	500330101	5-3-3-1-1	C88H148N4O65	2	1977	1422	1437	0	0.19107	-1.191074	9	3	2300.839811	0	5	1151.427182	5000	0.0901	0.6829	100	100
Scott	500330201	5-3-3-1-2	C93H156N4O69	2	1977	1422	1437	0	0.19107	-1.191074	9	3	2432.882067	0	5	1217.44831	5000	0.0901	0.6829	100	100
Scott	500330301	5-3-3-1-3	C98H164N4O73	2	1977	1422	1437	0	0.19107	-1.191074	9	3	2564.924323	0	5	1283.469438	5000	0.0901	0.6829	100	100
Scott	500340001	5-3-4-1-0	C89H150N4O65	2	1977	1422	1437	0	0.19107	-1.191074	9	3	2314.855461	0	5	1158.435007	5000	0.0901	0.6829	100	100
Scott	500340101	5-3-4-1-1	C94H158N4O69	2	1977	1422	1437	0	0.19107	-1.191074	9	3	2446.897717	0	5	1224.456135	5000	0.0901	0.6829	100	100
Scott	500340201	5-3-4-1-2	C99H166N4O73	2	1977	1422	1437	0	0.19107	-1.191074	9	3	2578.939973	0	5	1290.477263	5000	0.0901	0.6829	100	100
Scott	500340301	5-3-4-1-3	C104H174N4O77	2	1977	1422	1437	0	0.19107	-1.191074	9	3	2710.98223	0	5	1356.498391	5000	0.0901	0.6829	100	100
Scott	500400001	5-4-0-1-0	C73H123N5O54	2	1977	1422	1437	0	0.19107	-1.191074	9	3	1933.703205	0	5	967.858879	5000	0.0901	0.6829	100	100
Scott	500400002	5-4-0-2-0	C84H140N6O62	2	1977	1422	1437	0	0.19107	-1.191074	9	3	2224.798617	0	5	1113.406585	5000	0.0901	0.6829	100	100
Scott	500400101	5-4-0-1-1	C78H131N5O58	2	1977	1422	1437	0	0.19107	-1.191074	9	3	2065.745461	0	5	1033.880007	5000	0.0901	0.6829	100	100
Scott	500400102	5-4-0-2-1	C89H148N6O66	2	1977	1422	1437	0	0.19107	-1.191074	9	3	2356.840873	0	5	1179.427713	5000	0.0901	0.6829	100	100
Scott	500400201	5-4-0-1-2	C83H139N5O62	2	1977	1422	1437	0	0.19107	-1.191074	9	3	2197.787717	0	5	1099.901135	5000	0.0901	0.6829	100	100
Scott	500400202	5-4-0-2-2	C94H156N6O70	2	1977	1422	1437	0	0.19107	-1.191074	9	3	2488.883129	0	5	1245.448841	5000	0.0901	0.6829	100	100
Scott	500400301	5-4-0-1-3	C88H147N5O66	2	1977	1422	1437	0	0.19107	-1.191074	9	3	2329.829974	0	5	1165.922263	5000	0.0901	0.6829	100	100
Scott	500400302	5-4-0-2-3	C99H164N6O74	2	1977	1422	1437	0	0.19107	-1.191074	9	3	2620.925385	0	5	1311.469969	5000	0.0901	0.6829	100	100
Scott	500410001	5-4-1-1-0	C79H133N5O58	2	1977	1422	1437	0	0.19107	-1.191074	9	3	2079.761111	0	5	1040.887832	5000	0.0901	0.6829	100	100
Scott	500410002	5-4-1-2-0	C90H150N6O66	2	1977	1422	1437	0	0.19107	-1.191074	9	3	2370.856523	0	5	1186.435538	5000	0.0901	0.6829	100	100
Scott	500410101	5-4-1-1-1	C84H141N5O62	2	1977	1422	1437	0	0.19107	-1.191074	9	3	2211.803368	0	5	1106.90896	5000	0.0901	0.6829	100	100
Scott	500410102	5-4-1-2-1	C95H158N6O70	2	1977	1422	1437	0	0.19107	-1.191074	9	3	2502.898779	0	5	1252.456666	5000	0.0901	0.6829	100	100
Scott	500410201	5-4-1-1-2	C89H149N5O66	2	1977	1422	1437	0	0.19107	-1.191074	9	3	2343.845624	0	5	1172.930088	5000	0.0901	0.6829	100	100
Scott	500410202	5-4-1-2-2	C100H166N6O74	2	1977	1422	1437	0	0.19107	-1.191074	9	3	2634.941035	0	5	1318.477794	5000	0.0901	0.6829	100	100
Scott	500410301	5-4-1-1-3	C94H157N5O70	2	1977	1422	1437	0	0.19107	-1.191074	9	3	2475.88788	0	5	1238.951216	5000	0.0901	0.6829	100	100
Scott	500410302	5-4-1-2-3	C105H174N6O78	2	1977	1422	1437	0	0.19107	-1.191074	9	3	2766.983292	0	5	1384.498922	5000	0.0901	0.6829	100	100
Scott	500500001	5-5-0-1-0	C81H136N6O59	2	1977	1422	1437	0	0.19107	-1.191074	9	3	2136.782574	0	5	1069.398564	5000	0.0901	0.6829	100	100
Scott	500500002	5-5-0-2-0	C92H153N7O67	2	1977	1422	1437	0	0.19107	-1.191074	9	3	2427.877986	0	5	1214.946269	5000	0.0901	0.6829	100	100
Scott	500500101	5-5-0-1-1	C86H144N6O63	2	1977	1422	1437	0	0.19107	-1.191074	9	3	2268.824831	0	5	1135.419692	5000	0.0901	0.6829	100	100
Scott	500500102	5-5-0-2-1	C97H161N7O71	2	1977	1422	1437	0	0.19107	-1.191074	9	3	2559.920242	0	5	1280.967398	5000	0.0901	0.6829	100	100
Scott	500500201	5-5-0-1-2	C91H152N6O67	2	1977	1422	1437	0	0.19107	-1.191074	9	3	2400.867087	0	5	1201.44082	5000	0.0901	0.6829	100	100
Scott	500500202	5-5-0-2-2	C102H169N7O75	2	1977	1422	1437	0	0.19107	-1.191074	9	3	2691.962498	0	5	1346.988526	5000	0.0901	0.6829	100	100
Scott	500500301	5-5-0-1-3	C96H160N6O71	2	1977	1422	1437	0	0.19107	-1.191074	9	3	2532.909343	0	5	1267.461948	5000	0.0901	0.6829	100	100
Scott	500500302	5-5-0-2-3	C107H177N7O79	2	1977	1422	1437	0	0.19107	-1.191074	9	3	2824.004755	0	5	1413.009654	5000	0.0901	0.6829	100	100
Scott	500510001	5-5-1-1-0	C87H146N6O63	2	1977	1422	1437	0	0.19107	-1.191074	9	3	2282.840481	0	5	1142.427517	5000	0.0901	0.6829	100	100
Scott	500510101	5-5-1-1-1	C92H154N6O67	2	1977	1422	1437	0	0.19107	-1.191074	9	3	2414.882737	0	5	1208.448645	5000	0.0901	0.6829	100	100
Scott	500510201	5-5-1-1-2	C97H162N6O71	2	1977	1422	1437	0	0.19107	-1.191074	9	3	2546.924993	0	5	1274.469773	5000	0.0901	0.6829	100	100
Scott	500510301	5-5-1-1-3	C102H170N6O75	2	1977	1422	1437	0	0.19107	-1.191074	9	3	2678.967249	0	5	1340.490901	5000	0.0901	0.6829	100	100
Scott	500600301	5-6-0-1-3	C104H173N7O76	2	1977	1422	1437	0	0.19107	-1.191074	9	3	2735.988713	0	5	1369.001633	5000	0.0901	0.6829	100	100
Scott	500600302	5-6-0-2-3	C115H190N8O84	2	1977	1422	1437	0	0.19107	-1.191074	9	3	3027.084124	0	5	1514.549339	5000	0.0901	0.6829	100	100
Scott	500610300	5-6-1-0-3	C99H166N6O72	2	1977	1422	1437	0	0.19107	-1.191074	9	3	2590.951207	0	5	1296.48288	5000	0.0901	0.6829	100	100
Scott	600000000	6-0-0-0-0	C36H64N0O31	2	1977	1422	1437	0	0.19107	-1.191074	9	3	992.3431361	0	5	497.1788445	5000	0.0901	0.6829	100	100
Scott	600010001	6-0-1-1-0	C53H91N1O43	2	1977	1422	1437	0	0.19107	-1.191074	9	3	1429.496454	0	5	715.7555034	5000	0.0901	0.6829	100	100
Scott	600100000	6-1-0-0-0	C44H77N1O36	2	1977	1422	1437	0	0.19107	-1.191074	9	3	1195.422505	0	5	598.7185292	5000	0.0901	0.6829	100	100
Scott	600100100	6-1-0-0-1	C49H85N1O40	2	1977	1422	1437	0	0.19107	-1.191074	9	3	1327.464762	0	5	664.7396573	5000	0.0901	0.6829	100	100
Scott	600100200	6-1-0-0-2	C54H93N1O44	2	1977	1422	1437	0	0.19107	-1.191074	9	3	1459.507018	0	5	730.7607855	5000	0.0901	0.6829	100	100
Scott	600100300	6-1-0-0-3	C59H101N1O48	2	1977	1422	1437	0	0.19107	-1.191074	9	3	1591.549274	0	5	796.7819136	5000	0.0901	0.6829	100	100
Scott	600110001	6-1-1-1-0	C61H104N2O48	2	1977	1422	1437	0	0.19107	-1.191074	9	3	1632.575823	0	5	817.2951881	5000	0.0901	0.6829	100	100
Scott	600200000	6-2-0-0-0	C52H90N2O41	2	1977	1422	1437	0	0.19107	-1.191074	9	3	1398.501875	0	5	700.2582139	5000	0.0901	0.6829	100	100
Scott	600200100	6-2-0-0-1	C57H98N2O45	2	1977	1422	1437	0	0.19107	-1.191074	9	3	1530.544131	0	5	766.279342	5000	0.0901	0.6829	100	100
Scott	600200200	6-2-0-0-2	C62H106N2O49	2	1977	1422	1437	0	0.19107	-1.191074	9	3	1662.586387	0	5	832.3004702	5000	0.0901	0.6829	100	100
Scott	600200300	6-2-0-0-3	C67H114N2O53	2	1977	1422	1437	0	0.19107	-1.191074	9	3	1794.628644	0	5	898.3215983	5000	0.0901	0.6829	100	100
Scott	600240002	6-2-4-2-0	C98H164N4O73	2	1977	1422	1437	0	0.19107	-1.191074	9	3	2564.924323	0	5	1283.469438	5000	0.0901	0.6829	100	100
Scott	600250002	6-2-5-2-0	C104H174N4O77	2	1977	1422	1437	0	0.19107	-1.191074	9	3	2710.98223	0	5	1356.498391	5000	0.0901	0.6829	100	100
Scott	600310002	6-3-1-2-0	C88H147N5O66	2	1977	1422	1437	0	0.19107	-1.191074	9	3	2329.829974	0	5	1165.922263	5000	0.0901	0.6829	100	100
Scott	600310003	6-3-1-3-0	C99H164N6O74	2	1977	1422	1437	0	0.19107	-1.191074	9	3	2620.925385	0	5	1311.469969	5000	0.0901	0.6829	100	100
Scott	600320002	6-3-2-2-0	C94H157N5O70	2	1977	1422	1437	0	0.19107	-1.191074	9	3	2475.88788	0	5	1238.951216	5000	0.0901	0.6829	100	100
Scott	600320003	6-3-2-3-0	C105H174N6O78	2	1977	1422	1437	0	0.19107	-1.191074	9	3	2766.983292	0	5	1384.498922	5000	0.0901	0.6829	100	100
Scott	600400002	6-4-0-2-0	C90H150N6O67	2	1977	1422	1437	0	0.19107	-1.191074	9	3	2386.851437	0	5	1194.432995	5000	0.0901	0.6829	100	100
Scott	600400102	6-4-0-2-1	C95H158N6O71	2	1977	1422	1437	0	0.19107	-1.191074	9	3	2518.893693	0	5	1260.454123	5000	0.0901	0.6829	100	100
Scott	600400202	6-4-0-2-2	C100H166N6O75	2	1977	1422	1437	0	0.19107	-1.191074	9	3	2650.935949	0	5	1326.475251	5000	0.0901	0.6829	100	100
Scott	600400302	6-4-0-2-3	C105H174N6O79	2	1977	1422	1437	0	0.19107	-1.191074	9	3	2782.978206	0	5	1392.496379	5000	0.0901	0.6829	100	100
Scott	600410002	6-4-1-2-0	C96H160N6O71	2	1977	1422	1437	0	0.19107	-1.191074	9	3	2532.909343	0	5	1267.461948	5000	0.0901	0.6829	100	100
Scott	600410003	6-4-1-3-0	C107H177N7O79	2	1977	1422	1437	0	0.19107	-1.191074	9	3	2824.004755	0	5	1413.009654	5000	0.0901	0.6829	100	100
Scott	600410102	6-4-1-2-1	C101H168N6O75	2	1977	1422	1437	0	0.19107	-1.191074	9	3	2664.951599	0	5	1333.483076	5000	0.0901	0.6829	100	100
Scott	600410202	6-4-1-2-2	C106H176N6O79	2	1977	1422	1437	0	0.19107	-1.191074	9	3	2796.993856	0	5	1399.504204	5000	0.0901	0.6829	100	100
Scott	600410302	6-4-1-2-3	C111H184N6O83	2	1977	1422	1437	0	0.19107	-1.191074	9	3	2929.036112	0	5	1465.525332	5000	0.0901	0.6829	100	100
Scott	600420002	6-4-2-2-0	C102H170N6O75	2	1977	1422	1437	0	0.19107	-1.191074	9	3	2678.967249	0	5	1340.490901	5000	0.0901	0.6829	100	100
Scott	600500002	6-5-0-2-0	C98H163N7O72	2	1977	1422	1437	0	0.19107	-1.191074	9	3	2589.930806	0	5	1295.97268	5000	0.0901	0.6829	100	100
Scott	600500102	6-5-0-2-1	C103H171N7O76	2	1977	1422	1437	0	0.19107	-1.191074	9	3	2721.973063	0	5	1361.993808	5000	0.0901	0.6829	100	100
Scott	600500202	6-5-0-2-2	C108H179N7O80	2	1977	1422	1437	0	0.19107	-1.191074	9	3	2854.015319	0	5	1428.014936	5000	0.0901	0.6829	100	100
Scott	600500301	6-5-0-1-3	C102H170N6O76	2	1977	1422	1437	0	0.19107	-1.191074	9	3	2694.962163	0	5	1348.488358	5000	0.0901	0.6829	100	100
Scott	600500302	6-5-0-2-3	C113H187N7O84	2	1977	1422	1437	0	0.19107	-1.191074	9	3	2986.057575	0	5	1494.036064	5000	0.0901	0.6829	100	100
Scott	600510002	6-5-1-2-0	C104H173N7O76	2	1977	1422	1437	0	0.19107	-1.191074	9	3	2735.988713	0	5	1369.001633	5000	0.0901	0.6829	100	100
Scott	600510003	6-5-1-3-0	C115H190N8O84	2	1977	1422	1437	0	0.19107	-1.191074	9	3	3027.084124	0	5	1514.549339	5000	0.0901	0.6829	100	100
Scott	600510102	6-5-1-2-1	C109H181N7O80	2	1977	1422	1437	0	0.19107	-1.191074	9	3	2868.030969	0	5	1435.022761	5000	0.0901	0.6829	100	100
Scott	600510103	6-5-1-3-1	C120H198N8O88	2	1977	1422	1437	0	0.19107	-1.191074	9	3	3159.12638	0	5	1580.570467	5000	0.0901	0.6829	100	100
Scott	600510202	6-5-1-2-2	C114H189N7O84	2	1977	1422	1437	0	0.19107	-1.191074	9	3	3000.073225	0	5	1501.043889	5000	0.0901	0.6829	100	100
Scott	600510203	6-5-1-3-2	C125H206N8O92	2	1977	1422	1437	0	0.19107	-1.191074	9	3	3291.168637	0	5	1646.591595	5000	0.0901	0.6829	100	100
Scott	600510302	6-5-1-2-3	C119H197N7O88	2	1977	1422	1437	0	0.19107	-1.191074	9	3	3132.115481	0	5	1567.065017	5000	0.0901	0.6829	100	100
Scott	600510303	6-5-1-3-3	C130H214N8O96	2	1977	1422	1437	0	0.19107	-1.191074	9	3	3423.210893	0	5	1712.612723	5000	0.0901	0.6829	100	100
Scott	600520001	6-5-2-1-0	C99H166N6O72	2	1977	1422	1437	0	0.19107	-1.191074	9	3	2590.951207	0	5	1296.48288	5000	0.0901	0.6829	100	100
Scott	600520101	6-5-2-1-1	C104H174N6O76	2	1977	1422	1437	0	0.19107	-1.191074	9	3	2722.993464	0	5	1362.504008	5000	0.0901	0.6829	100	100
Scott	600520201	6-5-2-1-2	C109H182N6O80	2	1977	1422	1437	0	0.19107	-1.191074	9	3	2855.03572	0	5	1428.525136	5000	0.0901	0.6829	100	100
Scott	600520301	6-5-2-1-3	C114H190N6O84	2	1977	1422	1437	0	0.19107	-1.191074	9	3	2987.077976	0	5	1494.546265	5000	0.0901	0.6829	100	100
Scott	700000000	7-0-0-0-0	C42H74N0O36	2	1977	1422	1437	0	0.19107	-1.191074	9	3	1154.395956	0	5	578.2052547	5000	0.0901	0.6829	100	100
Scott	700010001	7-0-1-1-0	C59H101N1O48	2	1977	1422	1437	0	0.19107	-1.191074	9	3	1591.549274	0	5	796.7819136	5000	0.0901	0.6829	100	100
Scott	700100000	7-1-0-0-0	C50H87N1O41	2	1977	1422	1437	0	0.19107	-1.191074	9	3	1357.475326	0	5	679.7449394	5000	0.0901	0.6829	100	100
Scott	700100100	7-1-0-0-1	C55H95N1O45	2	1977	1422	1437	0	0.19107	-1.191074	9	3	1489.517582	0	5	745.7660675	5000	0.0901	0.6829	100	100
Scott	700100200	7-1-0-0-2	C60H103N1O49	2	1977	1422	1437	0	0.19107	-1.191074	9	3	1621.559838	0	5	811.7871956	5000	0.0901	0.6829	100	100
Scott	700100300	7-1-0-0-3	C65H111N1O53	2	1977	1422	1437	0	0.19107	-1.191074	9	3	1753.602095	0	5	877.8083238	5000	0.0901	0.6829	100	100
Scott	700110001	7-1-1-1-0	C67H114N2O53	2	1977	1422	1437	0	0.19107	-1.191074	9	3	1794.628644	0	5	898.3215983	5000	0.0901	0.6829	100	100
Scott	700200000	7-2-0-0-0	C58H100N2O46	2	1977	1422	1437	0	0.19107	-1.191074	9	3	1560.554695	0	5	781.2846241	5000	0.0901	0.6829	100	100
Scott	700200100	7-2-0-0-1	C63H108N2O50	2	1977	1422	1437	0	0.19107	-1.191074	9	3	1692.596951	0	5	847.3057522	5000	0.0901	0.6829	100	100
Scott	700200200	7-2-0-0-2	C68H116N2O54	2	1977	1422	1437	0	0.19107	-1.191074	9	3	1824.639208	0	5	913.3268803	5000	0.0901	0.6829	100	100
Scott	700200300	7-2-0-0-3	C73H124N2O58	2	1977	1422	1437	0	0.19107	-1.191074	9	3	1956.681464	0	5	979.3480085	5000	0.0901	0.6829	100	100
Scott	700310003	7-3-1-3-0	C105H174N6O79	2	1977	1422	1437	0	0.19107	-1.191074	9	3	2782.978206	0	5	1392.496379	5000	0.0901	0.6829	100	100
Scott	700320003	7-3-2-3-0	C111H184N6O83	2	1977	1422	1437	0	0.19107	-1.191074	9	3	2929.036112	0	5	1465.525332	5000	0.0901	0.6829	100	100
Scott	700400001	7-4-0-1-0	C85H143N5O64	2	1977	1422	1437	0	0.19107	-1.191074	9	3	2257.808846	0	5	1129.911699	5000	0.0901	0.6829	100	100
Scott	700400002	7-4-0-2-0	C96H160N6O72	2	1977	1422	1437	0	0.19107	-1.191074	9	3	2548.904257	0	5	1275.459405	5000	0.0901	0.6829	100	100
Scott	700400101	7-4-0-1-1	C90H151N5O68	2	1977	1422	1437	0	0.19107	-1.191074	9	3	2389.851102	0	5	1195.932827	5000	0.0901	0.6829	100	100
Scott	700400102	7-4-0-2-1	C101H168N6O76	2	1977	1422	1437	0	0.19107	-1.191074	9	3	2680.946513	0	5	1341.480533	5000	0.0901	0.6829	100	100
Scott	700400201	7-4-0-1-2	C95H159N5O72	2	1977	1422	1437	0	0.19107	-1.191074	9	3	2521.893358	0	5	1261.953956	5000	0.0901	0.6829	100	100
Scott	700400202	7-4-0-2-2	C106H176N6O80	2	1977	1422	1437	0	0.19107	-1.191074	9	3	2812.98877	0	5	1407.501661	5000	0.0901	0.6829	100	100
Scott	700400301	7-4-0-1-3	C100H167N5O76	2	1977	1422	1437	0	0.19107	-1.191074	9	3	2653.935614	0	5	1327.975084	5000	0.0901	0.6829	100	100
Scott	700400302	7-4-0-2-3	C111H184N6O84	2	1977	1422	1437	0	0.19107	-1.191074	9	3	2945.031026	0	5	1473.522789	5000	0.0901	0.6829	100	100
Scott	700410002	7-4-1-2-0	C102H170N6O76	2	1977	1422	1437	0	0.19107	-1.191074	9	3	2694.962163	0	5	1348.488358	5000	0.0901	0.6829	100	100
Scott	700410003	7-4-1-3-0	C113H187N7O84	2	1977	1422	1437	0	0.19107	-1.191074	9	3	2986.057575	0	5	1494.036064	5000	0.0901	0.6829	100	100
Scott	700410102	7-4-1-2-1	C107H178N6O80	2	1977	1422	1437	0	0.19107	-1.191074	9	3	2827.00442	0	5	1414.509486	5000	0.0901	0.6829	100	100
Scott	700410202	7-4-1-2-2	C112H186N6O84	2	1977	1422	1437	0	0.19107	-1.191074	9	3	2959.046676	0	5	1480.530614	5000	0.0901	0.6829	100	100
Scott	700410302	7-4-1-2-3	C117H194N6O88	2	1977	1422	1437	0	0.19107	-1.191074	9	3	3091.088932	0	5	1546.551743	5000	0.0901	0.6829	100	100
Scott	700420000	7-4-2-0-0	C86H146N4O64	2	1977	1422	1437	0	0.19107	-1.191074	9	3	2258.829247	0	5	1130.4219	5000	0.0901	0.6829	100	100
Scott	700420003	7-4-2-3-0	C119H197N7O88	2	1977	1422	1437	0	0.19107	-1.191074	9	3	3132.115481	0	5	1567.065017	5000	0.0901	0.6829	100	100
Scott	700420004	7-4-2-4-0	C130H214N8O96	2	1977	1422	1437	0	0.19107	-1.191074	9	3	3423.210893	0	5	1712.612723	5000	0.0901	0.6829	100	100
Scott	700420100	7-4-2-0-1	C91H154N4O68	2	1977	1422	1437	0	0.19107	-1.191074	9	3	2390.871503	0	5	1196.443028	5000	0.0901	0.6829	100	100
Scott	700420200	7-4-2-0-2	C96H162N4O72	2	1977	1422	1437	0	0.19107	-1.191074	9	3	2522.913759	0	5	1262.464156	5000	0.0901	0.6829	100	100
Scott	700420300	7-4-2-0-3	C101H170N4O76	2	1977	1422	1437	0	0.19107	-1.191074	9	3	2654.956015	0	5	1328.485284	5000	0.0901	0.6829	100	100
Scott	700430002	7-4-3-2-0	C114H190N6O84	2	1977	1422	1437	0	0.19107	-1.191074	9	3	2987.077976	0	5	1494.546265	5000	0.0901	0.6829	100	100
Scott	800000000	8-0-0-0-0	C48H84N0O41	2	1977	1422	1437	0	0.19107	-1.191074	9	3	1316.448777	0	5	659.2316648	5000	0.0901	0.6829	100	100
Scott	800010001	8-0-1-1-0	C65H111N1O53	2	1977	1422	1437	0	0.19107	-1.191074	9	3	1753.602095	0	5	877.8083238	5000	0.0901	0.6829	100	100
Scott	800100000	8-1-0-0-0	C56H97N1O46	2	1977	1422	1437	0	0.19107	-1.191074	9	3	1519.528146	0	5	760.7713495	5000	0.0901	0.6829	100	100
Scott	800100100	8-1-0-0-1	C61H105N1O50	2	1977	1422	1437	0	0.19107	-1.191074	9	3	1651.570402	0	5	826.7924777	5000	0.0901	0.6829	100	100
Scott	800100200	8-1-0-0-2	C66H113N1O54	2	1977	1422	1437	0	0.19107	-1.191074	9	3	1783.612659	0	5	892.8136058	5000	0.0901	0.6829	100	100
Scott	800100300	8-1-0-0-3	C71H121N1O58	2	1977	1422	1437	0	0.19107	-1.191074	9	3	1915.654915	0	5	958.8347339	5000	0.0901	0.6829	100	100
Scott	800110001	8-1-1-1-0	C73H124N2O58	2	1977	1422	1437	0	0.19107	-1.191074	9	3	1956.681464	0	5	979.3480085	5000	0.0901	0.6829	100	100
Scott	800200000	8-2-0-0-0	C64H110N2O51	2	1977	1422	1437	0	0.19107	-1.191074	9	3	1722.607516	0	5	862.3110342	5000	0.0901	0.6829	100	100
Scott	800200100	8-2-0-0-1	C69H118N2O55	2	1977	1422	1437	0	0.19107	-1.191074	9	3	1854.649772	0	5	928.3321624	5000	0.0901	0.6829	100	100
Scott	800200200	8-2-0-0-2	C74H126N2O59	2	1977	1422	1437	0	0.19107	-1.191074	9	3	1986.692028	0	5	994.3532905	5000	0.0901	0.6829	100	100
Scott	800200300	8-2-0-0-3	C79H134N2O63	2	1977	1422	1437	0	0.19107	-1.191074	9	3	2118.734284	0	5	1060.374419	5000	0.0901	0.6829	100	100
Scott	800310002	8-3-1-2-0	C100H167N5O76	2	1977	1422	1437	0	0.19107	-1.191074	9	3	2653.935614	0	5	1327.975084	5000	0.0901	0.6829	100	100
Scott	800310003	8-3-1-3-0	C111H184N6O84	2	1977	1422	1437	0	0.19107	-1.191074	9	3	2945.031026	0	5	1473.522789	5000	0.0901	0.6829	100	100
Scott	800320003	8-3-2-3-0	C117H194N6O88	2	1977	1422	1437	0	0.19107	-1.191074	9	3	3091.088932	0	5	1546.551743	5000	0.0901	0.6829	100	100
Scott	800330001	8-3-3-1-0	C101H170N4O76	2	1977	1422	1437	0	0.19107	-1.191074	9	3	2654.956015	0	5	1328.485284	5000	0.0901	0.6829	100	100
Scott	900000000	9-0-0-0-0	C54H94N0O46	2	1977	1422	1437	0	0.19107	-1.191074	9	3	1478.501597	0	5	740.258075	5000	0.0901	0.6829	100	100
Scott	900010001	9-0-1-1-0	C71H121N1O58	2	1977	1422	1437	0	0.19107	-1.191074	9	3	1915.654915	0	5	958.8347339	5000	0.0901	0.6829	100	100
Scott	900110001	9-1-1-1-0	C79H134N2O63	2	1977	1422	1437	0	0.19107	-1.191074	9	3	2118.734284	0	5	1060.374419	5000	0.0901	0.6829	100	100
Scott	900200000	9-2-0-0-0	C70H120N2O56	2	1977	1422	1437	0	0.19107	-1.191074	9	3	1884.660336	0	5	943.3374444	5000	0.0901	0.6829	100	100
Scott	900200100	9-2-0-0-1	C75H128N2O60	2	1977	1422	1437	0	0.19107	-1.191074	9	3	2016.702592	0	5	1009.358573	5000	0.0901	0.6829	100	100
Scott	900200200	9-2-0-0-2	C80H136N2O64	2	1977	1422	1437	0	0.19107	-1.191074	9	3	2148.744848	0	5	1075.379701	5000	0.0901	0.6829	100	100
Scott	900200300	9-2-0-0-3	C85H144N2O68	2	1977	1422	1437	0	0.19107	-1.191074	9	3	2280.787105	0	5	1141.400829	5000	0.0901	0.6829	100	100
Scott	1000000000	10-0-0-0-0	C60H104N0O51	2	1977	1422	1437	0	0.19107	-1.191074	9	3	1640.554417	0	5	821.2844851	5000	0.0901	0.6829	100	100
Scott	1000110001	10-1-1-1-0	C85H144N2O68	2	1977	1422	1437	0	0.19107	-1.191074	9	3	2280.787105	0	5	1141.400829	5000	0.0901	0.6829	100	100
Scott	1100000000	11-0-0-0-0	C66H114N0O56	2	1977	1422	1437	0	0.19107	-1.191074	9	3	1802.607238	0	5	902.3108953	5000	0.0901	0.6829	100	100
Scott	1200000000	12-0-0-0-0	C72H124N0O61	2	1977	1422	1437	0	0.19107	-1.191074	9	3	1964.660058	0	5	983.3373055	5000	0.0901	0.6829	100	100
Scott	1300000000	13-0-0-0-0	C78H134N0O66	2	1977	1422	1437	0	0.19107	-1.191074	9	3	2126.712878	0	5	1064.363716	5000	0.0901	0.6829	100	100
Scott	1400000000	14-0-0-0-0	C84H144N0O71	2	1977	1422	1437	0	0.19107	-1.191074	9	3	2288.765699	0	5	1145.390126	5000	0.0901	0.6829	100	100
Scott	1500000000	15-0-0-0-0	C90H154N0O76	2	1977	1422	1437	0	0.19107	-1.191074	9	3	2450.818519	0	5	1226.416536	5000	0.0901	0.6829	100	100
Scott	1600000000	16-0-0-0-0	C96H164N0O81	2	1977	1422	1437	0	0.19107	-1.191074	9	3	2612.871339	0	5	1307.442946	5000	0.0901	0.6829	100	100
Scott	1700000000	17-0-0-0-0	C102H174N0O86	2	1977	1422	1437	0	0.19107	-1.191074	9	3	2774.92416	0	5	1388.469356	5000	0.0901	0.6829	100	100
Scott	1800000000	18-0-0-0-0	C108H184N0O91	2	1977	1422	1437	0	0.19107	-1.191074	9	3	2936.97698	0	5	1469.495766	5000	0.0901	0.6829	100	100
Scott	1900000000	19-0-0-0-0	C114H194N0O96	2	1977	1422	1437	0	0.19107	-1.191074	9	3	3099.0298	0	5	1550.522177	5000	0.0901	0.6829	100	100
Scott	2000000000	20-0-0-0-0	C120H204N0O101	2	1977	1422	1437	0	0.19107	-1.191074	9	3	3261.082621	0	5	1631.548587	5000	0.0901	0.6829	100	100
Scott	2100000000	21-0-0-0-0	C126H214N0O106	2	1977	1422	1437	0	0.19107	-1.191074	9	3	3423.135441	0	5	1712.574997	5000	0.0901	0.6829	100	100
Scott	2200000000	22-0-0-0-0	C132H224N0O111	2	1977	1422	1437	0	0.19107	-1.191074	9	3	3585.188261	0	5	1793.601407	5000	0.0901	0.6829	100	100
Scott	2300000000	23-0-0-0-0	C138H234N0O116	2	1977	1422	1437	0	0.19107	-1.191074	9	3	3747.241082	0	5	1874.627817	5000	0.0901	0.6829	100	100
Scott	2400000000	24-0-0-0-0	C144H244N0O121	2	1977	1422	1437	0	0.19107	-1.191074	9	3	3909.293902	0	5	1955.654227	5000	0.0901	0.6829	100	100
Scott	2500000000	25-0-0-0-0	C150H254N0O126	2	1977	1422	1437	0	0.19107	-1.191074	9	3	4071.346722	0	5	2036.680638	5000	0.0901	0.6829	100	100
Scott	2600000000	26-0-0-0-0	C156H264N0O131	2	1977	1422	1437	0	0.19107	-1.191074	9	3	4233.399542	0	5	2117.707048	5000	0.0901	0.6829	100	100
Scott	2700000000	27-0-0-0-0	C162H274N0O136	2	1977	1422	1437	0	0.19107	-1.191074	9	3	4395.452363	0	5	2198.733458	5000	0.0901	0.6829	100	100
Scott	2800000000	28-0-0-0-0	C168H284N0O141	2	1977	1422	1437	0	0.19107	-1.191074	9	3	4557.505183	0	5	2279.759868	5000	0.0901	0.6829	100	100
Scott	2900000000	29-0-0-0-0	C174H294N0O146	2	1977	1422	1437	0	0.19107	-1.191074	9	3	4719.558003	0	5	2360.786278	5000	0.0901	0.6829	100	100
Scott	3000000000	30-0-0-0-0	C180H304N0O151	2	1977	1422	1437	0	0.19107	-1.191074	9	3	4881.610824	0	5	2441.812688	5000	0.0901	0.6829	100	100
Scott	3100000000	31-0-0-0-0	C186H314N0O156	2	1977	1422	1437	0	0.19107	-1.191074	9	3	5043.663644	0	5	2522.839099	5000	0.0901	0.6829	100	100
Scott	3200000000	32-0-0-0-0	C192H324N0O161	2	1977	1422	1437	0	0.19107	-1.191074	9	3	5205.716464	0	5	2603.865509	5000	0.0901	0.6829	100	100
Scott	3300000000	33-0-0-0-0	C198H334N0O166	2	1977	1422	1437	0	0.19107	-1.191074	9	3	5367.769285	0	5	2684.891919	5000	0.0901	0.6829	100	100
Scott	3400000000	34-0-0-0-0	C204H344N0O171	2	1977	1422	1437	0	0.19107	-1.191074	9	3	5529.822105	0	5	2765.918329	5000	0.0901	0.6829	100	100
Scott	3500000000	35-0-0-0-0	C210H354N0O176	2	1977	1422	1437	0	0.19107	-1.191074	9	3	5691.874925	0	5	2846.944739	5000	0.0901	0.6829	100	100
Scott	3600000000	36-0-0-0-0	C216H364N0O181	2	1977	1422	1437	0	0.19107	-1.191074	9	3	5853.927746	0	5	2927.971149	5000	0.0901	0.6829	100	100
Scott	3700000000	37-0-0-0-0	C222H374N0O186	2	1977	1422	1437	0	0.19107	-1.191074	9	3	6015.980566	0	5	3008.997559	5000	0.0901	0.6829	100	100
Scott	3800000000	38-0-0-0-0	C228H384N0O191	2	1977	1422	1437	0	0.19107	-1.191074	9	3	6178.033386	0	5	3090.02397	5000	0.0901	0.6829	100	100
Scott	3900000000	39-0-0-0-0	C234H394N0O196	2	1977	1422	1437	0	0.19107	-1.191074	9	3	6340.086207	0	5	3171.05038	5000	0.0901	0.6829	100	100
Scott	4000000000	40-0-0-0-0	C240H404N0O201	2	1977	1422	1437	0	0.19107	-1.191074	9	3	6502.139027	0	5	3252.07679	5000	0.0901	0.6829	100	100