Dataset	TargetID	Code	EmpiricalFormula	ChargeState	Scan	ScanStart	ScanEnd	NumMSSummed	NET	NETError	NumChromPeaksWithinTol	NumQualityChromPeaksWithinTol	MonoisotopicMass	MonoisotopicMassCalibrated	MassErrorInPPM	MonoMZ	IntensityRep	FitScore	IScore	FailureType	ErrorDescription
Scott	607010700	6-7-1-7-0	C175H284N14O126	2	1977	1422	1437	0	0.19107	-1.191074	9	3	4597.624509	0	5	2299.819531	5000	0.0901	0.6829	100	100
Scott	607010701	6-7-1-7-1	C175H282N14O125	2	1977	1422	1437	0	0.19107	-1.191074	9	3	4579.613945	0	5	2290.814249	5000	0.0901	0.6829	100	100
Scott	607010702	6-7-1-7-2	C175H280N14O124	2	1977	1422	1437	0	0.19107	-1.191074	9	3	4561.603381	0	5	2281.808967	5000	0.0901	0.6829	100	100
Scott	607010703	6-7-1-7-3	C175H278N14O123	2	1977	1422	1437	0	0.19107	-1.191074	9	3	4543.592817	0	5	2272.803685	5000	0.0901	0.6829	100	100
Scott	607010704	6-7-1-7-4	C175H276N14O122	2	1977	1422	1437	0	0.19107	-1.191074	9	3	4525.582253	0	5	2263.798403	5000	0.0901	0.6829	100	100
Scott	607010705	6-7-1-7-5	C175H274N14O121	2	1977	1422	1437	0	0.19107	-1.191074	9	3	4507.571689	0	5	2254.793121	5000	0.0901	0.6829	100	100
Scott	607010706	6-7-1-7-6	C175H272N14O120	2	1977	1422	1437	0	0.19107	-1.191074	9	3	4489.561125	0	5	2245.787839	5000	0.0901	0.6829	100	100
Scott	607010800	6-7-1-8-0	C186H301N15O134	2	1977	1422	1437	0	0.19107	-1.191074	9	3	4888.719921	0	5	2445.367237	5000	0.0901	0.6829	100	100
Scott	607010801	6-7-1-8-1	C186H299N15O133	2	1977	1422	1437	0	0.19107	-1.191074	9	3	4870.709357	0	5	2436.361955	5000	0.0901	0.6829	100	100
Scott	607010802	6-7-1-8-2	C186H297N15O132	2	1977	1422	1437	0	0.19107	-1.191074	9	3	4852.698793	0	5	2427.356673	5000	0.0901	0.6829	100	100
Scott	607010803	6-7-1-8-3	C186H295N15O131	2	1977	1422	1437	0	0.19107	-1.191074	9	3	4834.688229	0	5	2418.351391	5000	0.0901	0.6829	100	100
Scott	607010804	6-7-1-8-4	C186H293N15O130	2	1977	1422	1437	0	0.19107	-1.191074	9	3	4816.677664	0	5	2409.346109	5000	0.0901	0.6829	100	100
Scott	607010805	6-7-1-8-5	C186H291N15O129	2	1977	1422	1437	0	0.19107	-1.191074	9	3	4798.6671	0	5	2400.340827	5000	0.0901	0.6829	100	100
Scott	607010806	6-7-1-8-6	C186H289N15O128	2	1977	1422	1437	0	0.19107	-1.191074	9	3	4780.656536	0	5	2391.335545	5000	0.0901	0.6829	100	100
Scott	607010807	6-7-1-8-7	C186H287N15O127	2	1977	1422	1437	0	0.19107	-1.191074	9	3	4762.645972	0	5	2382.330263	5000	0.0901	0.6829	100	100
Scott	607010900	6-7-1-9-0	C197H318N16O142	2	1977	1422	1437	0	0.19107	-1.191074	9	3	5179.815332	0	5	2590.914943	5000	0.0901	0.6829	100	100
Scott	607010901	6-7-1-9-1	C197H316N16O141	2	1977	1422	1437	0	0.19107	-1.191074	9	3	5161.804768	0	5	2581.909661	5000	0.0901	0.6829	100	100
Scott	607010902	6-7-1-9-2	C197H314N16O140	2	1977	1422	1437	0	0.19107	-1.191074	9	3	5143.794204	0	5	2572.904379	5000	0.0901	0.6829	100	100
Scott	607010903	6-7-1-9-3	C197H312N16O139	2	1977	1422	1437	0	0.19107	-1.191074	9	3	5125.78364	0	5	2563.899097	5000	0.0901	0.6829	100	100
Scott	607010904	6-7-1-9-4	C197H310N16O138	2	1977	1422	1437	0	0.19107	-1.191074	9	3	5107.773076	0	5	2554.893814	5000	0.0901	0.6829	100	100
Scott	607010905	6-7-1-9-5	C197H308N16O137	2	1977	1422	1437	0	0.19107	-1.191074	9	3	5089.762512	0	5	2545.888532	5000	0.0901	0.6829	100	100
Scott	607010906	6-7-1-9-6	C197H306N16O136	2	1977	1422	1437	0	0.19107	-1.191074	9	3	5071.751948	0	5	2536.88325	5000	0.0901	0.6829	100	100
Scott	607010907	6-7-1-9-7	C197H304N16O135	2	1977	1422	1437	0	0.19107	-1.191074	9	3	5053.741384	0	5	2527.877968	5000	0.0901	0.6829	100	100
Scott	607010908	6-7-1-9-8	C197H302N16O134	2	1977	1422	1437	0	0.19107	-1.191074	9	3	5035.73082	0	5	2518.872686	5000	0.0901	0.6829	100	100
Scott	607011000	6-7-1-10-0	C208H335N17O150	2	1977	1422	1437	0	0.19107	-1.191074	9	3	5470.910744	0	5	2736.462648	5000	0.0901	0.6829	100	100
Scott	607011001	6-7-1-10-1	C208H333N17O149	2	1977	1422	1437	0	0.19107	-1.191074	9	3	5452.90018	0	5	2727.457366	5000	0.0901	0.6829	100	100
Scott	607011002	6-7-1-10-2	C208H331N17O148	2	1977	1422	1437	0	0.19107	-1.191074	9	3	5434.889616	0	5	2718.452084	5000	0.0901	0.6829	100	100
Scott	607011003	6-7-1-10-3	C208H329N17O147	2	1977	1422	1437	0	0.19107	-1.191074	9	3	5416.879052	0	5	2709.446802	5000	0.0901	0.6829	100	100
Scott	607011004	6-7-1-10-4	C208H327N17O146	2	1977	1422	1437	0	0.19107	-1.191074	9	3	5398.868488	0	5	2700.44152	5000	0.0901	0.6829	100	100
Scott	607011005	6-7-1-10-5	C208H325N17O145	2	1977	1422	1437	0	0.19107	-1.191074	9	3	5380.857924	0	5	2691.436238	5000	0.0901	0.6829	100	100
Scott	607011006	6-7-1-10-6	C208H323N17O144	2	1977	1422	1437	0	0.19107	-1.191074	9	3	5362.847359	0	5	2682.430956	5000	0.0901	0.6829	100	100
Scott	607011007	6-7-1-10-7	C208H321N17O143	2	1977	1422	1437	0	0.19107	-1.191074	9	3	5344.836795	0	5	2673.425674	5000	0.0901	0.6829	100	100
Scott	607011008	6-7-1-10-8	C208H319N17O142	2	1977	1422	1437	0	0.19107	-1.191074	9	3	5326.826231	0	5	2664.420392	5000	0.0901	0.6829	100	100
Scott	607011009	6-7-1-10-9	C208H317N17O141	2	1977	1422	1437	0	0.19107	-1.191074	9	3	5308.815667	0	5	2655.41511	5000	0.0901	0.6829	100	100
Scott	607011100	6-7-1-11-0	C219H352N18O158	2	1977	1422	1437	0	0.19107	-1.191074	9	3	5762.006155	0	5	2882.010354	5000	0.0901	0.6829	100	100
Scott	607011101	6-7-1-11-1	C219H350N18O157	2	1977	1422	1437	0	0.19107	-1.191074	9	3	5743.995591	0	5	2873.005072	5000	0.0901	0.6829	100	100
Scott	607011102	6-7-1-11-2	C219H348N18O156	2	1977	1422	1437	0	0.19107	-1.191074	9	3	5725.985027	0	5	2863.99979	5000	0.0901	0.6829	100	100
Scott	607011103	6-7-1-11-3	C219H346N18O155	2	1977	1422	1437	0	0.19107	-1.191074	9	3	5707.974463	0	5	2854.994508	5000	0.0901	0.6829	100	100
Scott	607011104	6-7-1-11-4	C219H344N18O154	2	1977	1422	1437	0	0.19107	-1.191074	9	3	5689.963899	0	5	2845.989226	5000	0.0901	0.6829	100	100
Scott	607011105	6-7-1-11-5	C219H342N18O153	2	1977	1422	1437	0	0.19107	-1.191074	9	3	5671.953335	0	5	2836.983944	5000	0.0901	0.6829	100	100
Scott	607011106	6-7-1-11-6	C219H340N18O152	2	1977	1422	1437	0	0.19107	-1.191074	9	3	5653.942771	0	5	2827.978662	5000	0.0901	0.6829	100	100
Scott	607011107	6-7-1-11-7	C219H338N18O151	2	1977	1422	1437	0	0.19107	-1.191074	9	3	5635.932207	0	5	2818.97338	5000	0.0901	0.6829	100	100
Scott	607011108	6-7-1-11-8	C219H336N18O150	2	1977	1422	1437	0	0.19107	-1.191074	9	3	5617.921643	0	5	2809.968098	5000	0.0901	0.6829	100	100
Scott	607011109	6-7-1-11-9	C219H334N18O149	2	1977	1422	1437	0	0.19107	-1.191074	9	3	5599.911079	0	5	2800.962816	5000	0.0901	0.6829	100	100
Scott	607011110	6-7-1-11-10	C219H332N18O148	2	1977	1422	1437	0	0.19107	-1.191074	9	3	5581.900515	0	5	2791.957534	5000	0.0901	0.6829	100	100
Scott	607020700	6-7-2-7-0	C181H294N14O130	2	1977	1422	1437	0	0.19107	-1.191074	9	3	4743.682416	0	5	2372.848484	5000	0.0901	0.6829	100	100
Scott	607020701	6-7-2-7-1	C181H292N14O129	2	1977	1422	1437	0	0.19107	-1.191074	9	3	4725.671851	0	5	2363.843202	5000	0.0901	0.6829	100	100
Scott	607020702	6-7-2-7-2	C181H290N14O128	2	1977	1422	1437	0	0.19107	-1.191074	9	3	4707.661287	0	5	2354.83792	5000	0.0901	0.6829	100	100
Scott	607020703	6-7-2-7-3	C181H288N14O127	2	1977	1422	1437	0	0.19107	-1.191074	9	3	4689.650723	0	5	2345.832638	5000	0.0901	0.6829	100	100
Scott	607020704	6-7-2-7-4	C181H286N14O126	2	1977	1422	1437	0	0.19107	-1.191074	9	3	4671.640159	0	5	2336.827356	5000	0.0901	0.6829	100	100
Scott	607020705	6-7-2-7-5	C181H284N14O125	2	1977	1422	1437	0	0.19107	-1.191074	9	3	4653.629595	0	5	2327.822074	5000	0.0901	0.6829	100	100
Scott	607020706	6-7-2-7-6	C181H282N14O124	2	1977	1422	1437	0	0.19107	-1.191074	9	3	4635.619031	0	5	2318.816792	5000	0.0901	0.6829	100	100
Scott	607020800	6-7-2-8-0	C192H311N15O138	2	1977	1422	1437	0	0.19107	-1.191074	9	3	5034.777827	0	5	2518.39619	5000	0.0901	0.6829	100	100
Scott	607020801	6-7-2-8-1	C192H309N15O137	2	1977	1422	1437	0	0.19107	-1.191074	9	3	5016.767263	0	5	2509.390908	5000	0.0901	0.6829	100	100
Scott	607020802	6-7-2-8-2	C192H307N15O136	2	1977	1422	1437	0	0.19107	-1.191074	9	3	4998.756699	0	5	2500.385626	5000	0.0901	0.6829	100	100
Scott	607020803	6-7-2-8-3	C192H305N15O135	2	1977	1422	1437	0	0.19107	-1.191074	9	3	4980.746135	0	5	2491.380344	5000	0.0901	0.6829	100	100
Scott	607020804	6-7-2-8-4	C192H303N15O134	2	1977	1422	1437	0	0.19107	-1.191074	9	3	4962.735571	0	5	2482.375062	5000	0.0901	0.6829	100	100
Scott	607020805	6-7-2-8-5	C192H301N15O133	2	1977	1422	1437	0	0.19107	-1.191074	9	3	4944.725007	0	5	2473.36978	5000	0.0901	0.6829	100	100
Scott	607020806	6-7-2-8-6	C192H299N15O132	2	1977	1422	1437	0	0.19107	-1.191074	9	3	4926.714443	0	5	2464.364498	5000	0.0901	0.6829	100	100
Scott	607020807	6-7-2-8-7	C192H297N15O131	2	1977	1422	1437	0	0.19107	-1.191074	9	3	4908.703879	0	5	2455.359216	5000	0.0901	0.6829	100	100
Scott	607020900	6-7-2-9-0	C203H328N16O146	2	1977	1422	1437	0	0.19107	-1.191074	9	3	5325.873239	0	5	2663.943896	5000	0.0901	0.6829	100	100
Scott	607020901	6-7-2-9-1	C203H326N16O145	2	1977	1422	1437	0	0.19107	-1.191074	9	3	5307.862675	0	5	2654.938614	5000	0.0901	0.6829	100	100
Scott	607020902	6-7-2-9-2	C203H324N16O144	2	1977	1422	1437	0	0.19107	-1.191074	9	3	5289.85211	0	5	2645.933332	5000	0.0901	0.6829	100	100
Scott	607020903	6-7-2-9-3	C203H322N16O143	2	1977	1422	1437	0	0.19107	-1.191074	9	3	5271.841546	0	5	2636.92805	5000	0.0901	0.6829	100	100
Scott	607020904	6-7-2-9-4	C203H320N16O142	2	1977	1422	1437	0	0.19107	-1.191074	9	3	5253.830982	0	5	2627.922768	5000	0.0901	0.6829	100	100
Scott	607020905	6-7-2-9-5	C203H318N16O141	2	1977	1422	1437	0	0.19107	-1.191074	9	3	5235.820418	0	5	2618.917486	5000	0.0901	0.6829	100	100
Scott	607020906	6-7-2-9-6	C203H316N16O140	2	1977	1422	1437	0	0.19107	-1.191074	9	3	5217.809854	0	5	2609.912204	5000	0.0901	0.6829	100	100
Scott	607020907	6-7-2-9-7	C203H314N16O139	2	1977	1422	1437	0	0.19107	-1.191074	9	3	5199.79929	0	5	2600.906922	5000	0.0901	0.6829	100	100
Scott	607020908	6-7-2-9-8	C203H312N16O138	2	1977	1422	1437	0	0.19107	-1.191074	9	3	5181.788726	0	5	2591.90164	5000	0.0901	0.6829	100	100
Scott	607021000	6-7-2-10-0	C214H345N17O154	2	1977	1422	1437	0	0.19107	-1.191074	9	3	5616.96865	0	5	2809.491602	5000	0.0901	0.6829	100	100
Scott	607021001	6-7-2-10-1	C214H343N17O153	2	1977	1422	1437	0	0.19107	-1.191074	9	3	5598.958086	0	5	2800.48632	5000	0.0901	0.6829	100	100
Scott	607021002	6-7-2-10-2	C214H341N17O152	2	1977	1422	1437	0	0.19107	-1.191074	9	3	5580.947522	0	5	2791.481037	5000	0.0901	0.6829	100	100
Scott	607021003	6-7-2-10-3	C214H339N17O151	2	1977	1422	1437	0	0.19107	-1.191074	9	3	5562.936958	0	5	2782.475755	5000	0.0901	0.6829	100	100
Scott	607021004	6-7-2-10-4	C214H337N17O150	2	1977	1422	1437	0	0.19107	-1.191074	9	3	5544.926394	0	5	2773.470473	5000	0.0901	0.6829	100	100
Scott	607021005	6-7-2-10-5	C214H335N17O149	2	1977	1422	1437	0	0.19107	-1.191074	9	3	5526.91583	0	5	2764.465191	5000	0.0901	0.6829	100	100
Scott	607021006	6-7-2-10-6	C214H333N17O148	2	1977	1422	1437	0	0.19107	-1.191074	9	3	5508.905266	0	5	2755.459909	5000	0.0901	0.6829	100	100
Scott	607021007	6-7-2-10-7	C214H331N17O147	2	1977	1422	1437	0	0.19107	-1.191074	9	3	5490.894702	0	5	2746.454627	5000	0.0901	0.6829	100	100
Scott	607021008	6-7-2-10-8	C214H329N17O146	2	1977	1422	1437	0	0.19107	-1.191074	9	3	5472.884138	0	5	2737.449345	5000	0.0901	0.6829	100	100
Scott	607021009	6-7-2-10-9	C214H327N17O145	2	1977	1422	1437	0	0.19107	-1.191074	9	3	5454.873574	0	5	2728.444063	5000	0.0901	0.6829	100	100
Scott	607021100	6-7-2-11-0	C225H362N18O162	2	1977	1422	1437	0	0.19107	-1.191074	9	3	5908.064062	0	5	2955.039307	5000	0.0901	0.6829	100	100
Scott	607021101	6-7-2-11-1	C225H360N18O161	2	1977	1422	1437	0	0.19107	-1.191074	9	3	5890.053498	0	5	2946.034025	5000	0.0901	0.6829	100	100
Scott	607021102	6-7-2-11-2	C225H358N18O160	2	1977	1422	1437	0	0.19107	-1.191074	9	3	5872.042934	0	5	2937.028743	5000	0.0901	0.6829	100	100
Scott	607021103	6-7-2-11-3	C225H356N18O159	2	1977	1422	1437	0	0.19107	-1.191074	9	3	5854.03237	0	5	2928.023461	5000	0.0901	0.6829	100	100
Scott	607021104	6-7-2-11-4	C225H354N18O158	2	1977	1422	1437	0	0.19107	-1.191074	9	3	5836.021805	0	5	2919.018179	5000	0.0901	0.6829	100	100
Scott	607021105	6-7-2-11-5	C225H352N18O157	2	1977	1422	1437	0	0.19107	-1.191074	9	3	5818.011241	0	5	2910.012897	5000	0.0901	0.6829	100	100
Scott	607021106	6-7-2-11-6	C225H350N18O156	2	1977	1422	1437	0	0.19107	-1.191074	9	3	5800.000677	0	5	2901.007615	5000	0.0901	0.6829	100	100
Scott	607021107	6-7-2-11-7	C225H348N18O155	2	1977	1422	1437	0	0.19107	-1.191074	9	3	5781.990113	0	5	2892.002333	5000	0.0901	0.6829	100	100
Scott	607021108	6-7-2-11-8	C225H346N18O154	2	1977	1422	1437	0	0.19107	-1.191074	9	3	5763.979549	0	5	2882.997051	5000	0.0901	0.6829	100	100
Scott	607021109	6-7-2-11-9	C225H344N18O153	2	1977	1422	1437	0	0.19107	-1.191074	9	3	5745.968985	0	5	2873.991769	5000	0.0901	0.6829	100	100
Scott	607021110	6-7-2-11-10	C225H342N18O152	2	1977	1422	1437	0	0.19107	-1.191074	9	3	5727.958421	0	5	2864.986487	5000	0.0901	0.6829	100	100